The value of m is: 14
The value of p is: 3
The side lengths of 2 * 2 tiles are: {1, 2, 7}
The value of arr is: {1, 9}
The column indices of 1 * 2 tiles are: {3i+4, 3i+8} for 0<=i<=m-1.
29 1 1 27 36 27 56 29 36 15 60 15 14 14 
16 1 1 30 2 2 28 37 28 59 30 37 16 63 
38 17 52 17 2 2 31 3 3 15 38 15 62 31 
16 51 32 39 18 55 18 3 3 32 4 4 16 39 
5 17 40 17 54 33 40 19 58 19 4 4 33 5 
5 34 6 6 18 41 18 57 34 41 20 61 20 5 
50 21 6 6 35 7 7 19 42 19 60 35 42 21 
29 43 22 53 22 7 7 29 8 8 20 43 20 63 
44 21 52 30 44 23 56 23 8 8 30 9 9 21 
10 10 22 45 22 55 31 45 24 59 24 9 9 31 
10 10 32 11 11 23 46 23 58 32 46 25 62 25 
26 51 26 11 11 33 12 12 24 47 24 61 33 47 
50 34 48 27 54 27 12 12 34 13 13 25 48 25 
26 49 26 53 35 49 28 57 28 13 13 35 14 14 

The value of m is: 14
The value of p is: 3
The side lengths of 2 * 2 tiles are: {1, 2, 7}
The value of arr is: {1, 9}
The column indices of 1 * 2 tiles are: {3i+4, 3i+10} for 0<=i<=m-1.
29 1 1 27 36 27 56 29 58 15 36 15 14 14 
16 1 1 30 2 2 28 37 28 59 30 61 16 37 
50 17 38 17 2 2 31 3 3 15 38 15 62 31 
16 51 32 53 18 39 18 3 3 32 4 4 16 39 
5 17 40 17 54 33 56 19 40 19 4 4 33 5 
5 34 6 6 18 41 18 57 34 59 20 41 20 5 
42 21 6 6 35 7 7 19 42 19 60 35 62 21 
29 51 22 43 22 7 7 29 8 8 20 43 20 63 
44 21 52 30 54 23 44 23 8 8 30 9 9 21 
10 10 22 45 22 55 31 57 24 45 24 9 9 31 
10 10 32 11 11 23 46 23 58 32 60 25 46 25 
26 47 26 11 11 33 12 12 24 47 24 61 33 63 
50 34 52 27 48 27 12 12 34 13 13 25 48 25 
26 49 26 53 35 55 28 49 28 13 13 35 14 14 

The value of m is: 14
The value of p is: 3
The side lengths of 2 * 2 tiles are: {1, 2, 7}
The value of arr is: {1, 9}
The column indices of 1 * 2 tiles are: {3i+6, 3i+10} for 0<=i<=m-1.
29 1 1 27 54 27 36 29 58 15 36 15 14 14 
16 1 1 30 2 2 28 57 28 37 30 61 16 37 
50 17 38 17 2 2 31 3 3 15 60 15 38 31 
16 39 32 53 18 39 18 3 3 32 4 4 16 63 
5 17 52 17 40 33 56 19 40 19 4 4 33 5 
5 34 6 6 18 55 18 41 34 59 20 41 20 5 
42 21 6 6 35 7 7 19 58 19 42 35 62 21 
29 51 22 43 22 7 7 29 8 8 20 61 20 43 
50 21 44 30 54 23 44 23 8 8 30 9 9 21 
10 10 22 53 22 45 31 57 24 45 24 9 9 31 
10 10 32 11 11 23 56 23 46 32 60 25 46 25 
26 47 26 11 11 33 12 12 24 59 24 47 33 63 
48 34 52 27 48 27 12 12 34 13 13 25 62 25 
26 51 26 49 35 55 28 49 28 13 13 35 14 14 

The value of m is: 14
The value of p is: 3
The side lengths of 2 * 2 tiles are: {1, 2, 7}
The value of arr is: {8, 2}
The column indices of 1 * 2 tiles are: {3i+1, 3i+11} for 0<=i<=m-1.
29 36 15 53 15 14 14 29 1 1 27 36 27 63 
37 28 52 30 37 16 56 16 1 1 30 2 2 28 
3 3 15 38 15 55 31 38 17 59 17 2 2 31 
3 3 32 4 4 16 39 16 58 32 39 18 62 18 
19 51 19 4 4 33 5 5 17 40 17 61 33 40 
50 34 41 20 54 20 5 5 34 6 6 18 41 18 
19 42 19 53 35 42 21 57 21 6 6 35 7 7 
29 8 8 20 43 20 56 29 43 22 60 22 7 7 
23 8 8 30 9 9 21 44 21 59 30 44 23 63 
45 24 52 24 9 9 31 10 10 22 45 22 62 31 
23 51 32 46 25 55 25 10 10 32 11 11 23 46 
12 24 47 24 54 33 47 26 58 26 11 11 33 12 
12 34 13 13 25 48 25 57 34 48 27 61 27 12 
50 28 13 13 35 14 14 26 49 26 60 35 49 28 

The value of m is: 14
The value of p is: 3
The side lengths of 2 * 2 tiles are: {1, 2, 7}
The value of arr is: {8, 2}
The column indices of 1 * 2 tiles are: {3i+3, 3i+11} for 0<=i<=m-1.
29 51 15 36 15 14 14 29 1 1 27 36 27 63 
37 28 52 30 54 16 37 16 1 1 30 2 2 28 
3 3 15 38 15 55 31 57 17 38 17 2 2 31 
3 3 32 4 4 16 39 16 58 32 60 18 39 18 
19 40 19 4 4 33 5 5 17 40 17 61 33 63 
50 34 52 20 41 20 5 5 34 6 6 18 41 18 
19 42 19 53 35 55 21 42 21 6 6 35 7 7 
29 8 8 20 43 20 56 29 58 22 43 22 7 7 
23 8 8 30 9 9 21 44 21 59 30 61 23 44 
50 24 45 24 9 9 31 10 10 22 45 22 62 31 
23 51 32 53 25 46 25 10 10 32 11 11 23 46 
12 24 47 24 54 33 56 26 47 26 11 11 33 12 
12 34 13 13 25 48 25 57 34 59 27 48 27 12 
49 28 13 13 35 14 14 26 49 26 60 35 62 28 

The value of m is: 14
The value of p is: 3
The side lengths of 2 * 2 tiles are: {1, 2, 7}
The value of arr is: {8, 2}
The column indices of 1 * 2 tiles are: {3i+3, 3i+13} for 0<=i<=m-1.
29 51 15 36 15 14 14 29 1 1 27 61 27 36 
50 28 37 30 54 16 37 16 1 1 30 2 2 28 
3 3 15 53 15 38 31 57 17 38 17 2 2 31 
3 3 32 4 4 16 56 16 39 32 60 18 39 18 
19 40 19 4 4 33 5 5 17 59 17 40 33 63 
41 34 52 20 41 20 5 5 34 6 6 18 62 18 
19 51 19 42 35 55 21 42 21 6 6 35 7 7 
29 8 8 20 54 20 43 29 58 22 43 22 7 7 
23 8 8 30 9 9 21 57 21 44 30 61 23 44 
50 24 45 24 9 9 31 10 10 22 60 22 45 31 
23 46 32 53 25 46 25 10 10 32 11 11 23 63 
12 24 52 24 47 33 56 26 47 26 11 11 33 12 
12 34 13 13 25 55 25 48 34 59 27 48 27 12 
49 28 13 13 35 14 14 26 58 26 49 35 62 28 

The value of m is: 14
The value of p is: 3
The side lengths of 2 * 2 tiles are: {1, 3, 7}
The value of arr is: {1, 3}
The column indices of 1 * 2 tiles are: {3i+4, 3i+10} for 0<=i<=m-1.
29 1 1 15 36 55 15 29 26 59 36 26 14 14 
27 1 1 30 2 2 16 37 58 16 30 27 62 37 
28 51 38 28 2 2 31 3 3 17 38 61 17 31 
50 18 32 15 54 39 15 3 3 32 4 4 18 39 
5 19 40 53 19 33 16 57 40 16 4 4 33 5 
5 34 6 6 20 41 56 20 34 17 60 41 17 5 
42 18 6 6 35 7 7 21 42 59 21 35 18 63 
29 19 52 43 19 7 7 29 8 8 22 43 62 22 
44 51 23 30 20 55 44 20 8 8 30 9 9 23 
10 10 24 45 54 24 31 21 58 45 21 9 9 31 
10 10 32 11 11 25 46 57 25 32 22 61 46 22 
50 47 23 11 11 33 12 12 26 47 60 26 33 23 
27 34 24 53 48 24 12 12 34 13 13 27 48 63 
28 49 52 28 35 25 56 49 25 13 13 35 14 14 

The value of m is: 14
The value of p is: 3
The side lengths of 2 * 2 tiles are: {1, 3, 7}
The value of arr is: {1, 3}
The column indices of 1 * 2 tiles are: {3i+5, 3i+9} for 0<=i<=m-1.
29 1 1 15 54 36 15 29 26 36 60 26 14 14 
27 1 1 30 2 2 16 57 37 16 30 27 37 63 
28 38 52 28 2 2 31 3 3 17 60 38 17 31 
39 18 32 15 39 55 15 3 3 32 4 4 18 63 
5 19 52 40 19 33 16 40 58 16 4 4 33 5 
5 34 6 6 20 55 41 20 34 17 41 61 17 5 
50 18 6 6 35 7 7 21 58 42 21 35 18 42 
29 19 43 53 19 7 7 29 8 8 22 61 43 22 
50 44 23 30 20 44 56 20 8 8 30 9 9 23 
10 10 24 53 45 24 31 21 45 59 21 9 9 31 
10 10 32 11 11 25 56 46 25 32 22 46 62 22 
47 51 23 11 11 33 12 12 26 59 47 26 33 23 
27 34 24 48 54 24 12 12 34 13 13 27 62 48 
28 51 49 28 35 25 49 57 25 13 13 35 14 14 

The value of m is: 14
The value of p is: 3
The side lengths of 2 * 2 tiles are: {1, 3, 7}
The value of arr is: {4, 3}
The column indices of 1 * 2 tiles are: {3i+9, 3i+13} for 0<=i<=m-1.
29 14 14 15 1 1 15 29 26 36 60 26 62 36 
27 51 37 30 1 1 16 2 2 16 30 27 37 63 
28 38 52 28 54 38 31 2 2 17 3 3 17 31 
4 18 32 15 39 55 15 57 39 32 3 3 18 4 
4 19 5 5 19 33 16 40 58 16 60 40 33 4 
41 34 5 5 20 6 6 20 34 17 41 61 17 63 
50 18 52 42 35 6 6 21 7 7 21 35 18 42 
29 19 43 53 19 55 43 29 7 7 22 8 8 22 
9 9 23 30 20 44 56 20 58 44 30 8 8 23 
9 9 24 10 10 24 31 21 45 59 21 61 45 31 
50 46 32 10 10 25 11 11 25 32 22 46 62 22 
47 51 23 53 47 33 11 11 26 12 12 26 33 23 
27 34 24 48 54 24 56 48 34 12 12 27 13 13 
28 14 14 28 35 25 49 57 25 59 49 35 13 13 

The value of m is: 14
The value of p is: 3
The side lengths of 2 * 2 tiles are: {1, 3, 7}
The value of arr is: {4, 3}
The column indices of 1 * 2 tiles are: {3i+10, 3i+12} for 0<=i<=m-1.
29 14 14 15 1 1 15 29 26 59 36 26 36 63 
27 37 52 30 1 1 16 2 2 16 30 27 62 37 
28 51 38 28 38 55 31 2 2 17 3 3 17 31 
4 18 32 15 54 39 15 39 58 32 3 3 18 4 
4 19 5 5 19 33 16 57 40 16 40 61 33 4 
50 34 5 5 20 6 6 20 34 17 60 41 17 41 
42 18 42 53 35 6 6 21 7 7 21 35 18 63 
29 19 52 43 19 43 56 29 7 7 22 8 8 22 
9 9 23 30 20 55 44 20 44 59 30 8 8 23 
9 9 24 10 10 24 31 21 58 45 21 45 62 31 
46 51 32 10 10 25 11 11 25 32 22 61 46 22 
50 47 23 47 54 33 11 11 26 12 12 26 33 23 
27 34 24 53 48 24 48 57 34 12 12 27 13 13 
28 14 14 28 35 25 56 49 25 49 60 35 13 13 

The value of m is: 14
The value of p is: 3
The side lengths of 2 * 2 tiles are: {1, 3, 7}
The value of arr is: {12, 3}
The column indices of 1 * 2 tiles are: {3i+1, 3i+5} for 0<=i<=m-1.
29 36 52 15 54 36 15 29 26 14 14 26 1 1 
27 2 2 30 37 55 16 57 37 16 30 27 1 1 
28 2 2 28 3 3 31 38 58 17 60 38 17 31 
39 18 32 15 3 3 15 4 4 32 39 61 18 63 
50 19 52 40 19 33 16 4 4 16 5 5 33 40 
6 34 41 53 20 55 41 20 34 17 5 5 17 6 
6 18 7 7 35 42 56 21 58 42 21 35 18 6 
29 19 7 7 19 8 8 29 43 59 22 61 43 22 
50 44 23 30 20 8 8 20 9 9 30 44 62 23 
45 51 24 53 45 24 31 21 9 9 21 10 10 31 
11 11 32 46 54 25 56 46 25 32 22 10 10 22 
11 11 23 12 12 33 47 57 26 59 47 26 33 23 
27 34 24 12 12 24 13 13 34 48 60 27 62 48 
28 51 49 28 35 25 13 13 25 14 14 35 49 63 

The value of m is: 14
The value of p is: 3
The side lengths of 2 * 2 tiles are: {1, 3, 7}
The value of arr is: {12, 3}
The column indices of 1 * 2 tiles are: {3i+2, 3i+4} for 0<=i<=m-1.
29 51 36 15 36 55 15 29 26 14 14 26 1 1 
27 2 2 30 54 37 16 37 58 16 30 27 1 1 
28 2 2 28 3 3 31 57 38 17 38 61 17 31 
50 18 32 15 3 3 15 4 4 32 60 39 18 39 
40 19 40 53 19 33 16 4 4 16 5 5 33 63 
6 34 52 41 20 41 56 20 34 17 5 5 17 6 
6 18 7 7 35 55 42 21 42 59 21 35 18 6 
29 19 7 7 19 8 8 29 58 43 22 43 62 22 
44 51 23 30 20 8 8 20 9 9 30 61 44 23 
50 45 24 45 54 24 31 21 9 9 21 10 10 31 
11 11 32 53 46 25 46 57 25 32 22 10 10 22 
11 11 23 12 12 33 56 47 26 47 60 26 33 23 
27 34 24 12 12 24 13 13 34 59 48 27 48 63 
28 49 52 28 35 25 13 13 25 14 14 35 62 49 

The value of m is: 14
The value of p is: 3
The side lengths of 2 * 2 tiles are: {1, 3, 7}
The value of arr is: {5, 10}
The column indices of 1 * 2 tiles are: {3i+8, 3i+12} for 0<=i<=m-1.
29 26 14 14 26 1 1 29 36 59 15 61 36 15 
50 37 16 30 27 1 1 27 2 2 30 37 62 16 
38 51 17 53 38 17 31 28 2 2 28 3 3 31 
4 4 32 39 54 18 56 39 18 32 15 3 3 15 
4 4 16 5 5 33 40 57 19 59 40 19 33 16 
20 34 17 5 5 17 6 6 34 41 60 20 62 41 
21 51 42 21 35 18 6 6 18 7 7 35 42 63 
29 43 52 22 54 43 22 29 19 7 7 19 8 8 
20 9 9 30 44 55 23 57 44 23 30 20 8 8 
21 9 9 21 10 10 31 45 58 24 60 45 24 31 
46 25 32 22 10 10 22 11 11 32 46 61 25 63 
50 26 52 47 26 33 23 11 11 23 12 12 33 47 
13 34 48 53 27 55 48 27 34 24 12 12 24 13 
13 25 14 14 35 49 56 28 58 49 28 35 25 13 

The value of m is: 14
The value of p is: 3
The side lengths of 2 * 2 tiles are: {1, 3, 7}
The value of arr is: {5, 10}
The column indices of 1 * 2 tiles are: {3i+9, 3i+11} for 0<=i<=m-1.
29 26 14 14 26 1 1 29 58 36 15 36 62 15 
37 51 16 30 27 1 1 27 2 2 30 61 37 16 
50 38 17 38 54 17 31 28 2 2 28 3 3 31 
4 4 32 53 39 18 39 57 18 32 15 3 3 15 
4 4 16 5 5 33 56 40 19 40 60 19 33 16 
20 34 17 5 5 17 6 6 34 59 41 20 41 63 
21 42 52 21 35 18 6 6 18 7 7 35 62 42 
29 51 43 22 43 55 22 29 19 7 7 19 8 8 
20 9 9 30 54 44 23 44 58 23 30 20 8 8 
21 9 9 21 10 10 31 57 45 24 45 61 24 31 
50 25 32 22 10 10 22 11 11 32 60 46 25 46 
47 26 47 53 26 33 23 11 11 23 12 12 33 63 
13 34 52 48 27 48 56 27 34 24 12 12 24 13 
13 25 14 14 35 55 49 28 49 59 28 35 25 13 

The value of m is: 14
The value of p is: 3
The side lengths of 2 * 2 tiles are: {1, 3, 7}
The value of arr is: {8, 10}
The column indices of 1 * 2 tiles are: {3i+2, 3i+12} for 0<=i<=m-1.
29 26 36 53 26 14 14 29 1 1 15 61 36 15 
50 37 16 30 27 37 56 27 1 1 30 2 2 16 
3 3 17 53 38 17 31 28 38 59 28 2 2 31 
3 3 32 4 4 18 56 39 18 32 15 39 62 15 
40 51 16 4 4 33 5 5 19 59 40 19 33 16 
20 34 17 41 54 17 5 5 34 6 6 20 62 41 
21 51 42 21 35 18 42 57 18 6 6 35 7 7 
29 8 8 22 54 43 22 29 19 43 60 19 7 7 
20 8 8 30 9 9 23 57 44 23 30 20 44 63 
21 45 52 21 9 9 31 10 10 24 60 45 24 31 
46 25 32 22 46 55 22 10 10 32 11 11 25 63 
12 26 52 47 26 33 23 47 58 23 11 11 33 12 
12 34 13 13 27 55 48 27 34 24 48 61 24 12 
50 25 13 13 35 14 14 28 58 49 28 35 25 49 

The value of m is: 14
The value of p is: 3
The side lengths of 2 * 2 tiles are: {1, 3, 7}
The value of arr is: {8, 10}
The column indices of 1 * 2 tiles are: {3i+3, 3i+11} for 0<=i<=m-1.
29 26 52 36 26 14 14 29 1 1 15 36 62 15 
37 51 16 30 27 55 37 27 1 1 30 2 2 16 
3 3 17 38 54 17 31 28 58 38 28 2 2 31 
3 3 32 4 4 18 39 57 18 32 15 61 39 15 
50 40 16 4 4 33 5 5 19 40 60 19 33 16 
20 34 17 53 41 17 5 5 34 6 6 20 41 63 
21 42 52 21 35 18 56 42 18 6 6 35 7 7 
29 8 8 22 43 55 22 29 19 59 43 19 7 7 
20 8 8 30 9 9 23 44 58 23 30 20 62 44 
21 51 45 21 9 9 31 10 10 24 45 61 24 31 
50 25 32 22 54 46 22 10 10 32 11 11 25 46 
12 26 47 53 26 33 23 57 47 23 11 11 33 12 
12 34 13 13 27 48 56 27 34 24 60 48 24 12 
49 25 13 13 35 14 14 28 49 59 28 35 25 63 

The value of m is: 14
The value of p is: 3
The side lengths of 2 * 2 tiles are: {1, 3, 7}
The value of arr is: {11, 10}
The column indices of 1 * 2 tiles are: {3i+2, 3i+6} for 0<=i<=m-1.
29 26 36 53 26 55 36 29 14 14 15 1 1 15 
2 2 16 30 27 37 56 27 58 37 30 1 1 16 
2 2 17 3 3 17 31 28 38 59 28 61 38 31 
50 39 32 3 3 18 4 4 18 32 15 39 62 15 
40 51 16 53 40 33 4 4 19 5 5 19 33 16 
20 34 17 41 54 17 56 41 34 5 5 20 6 6 
21 7 7 21 35 18 42 57 18 59 42 35 6 6 
29 7 7 22 8 8 22 29 19 43 60 19 62 43 
20 51 44 30 8 8 23 9 9 23 30 20 44 63 
21 45 52 21 54 45 31 9 9 24 10 10 24 31 
11 25 32 22 46 55 22 57 46 32 10 10 25 11 
11 26 12 12 26 33 23 47 58 23 60 47 33 11 
48 34 12 12 27 13 13 27 34 24 48 61 24 63 
50 25 52 49 35 13 13 28 14 14 28 35 25 49 

The value of m is: 14
The value of p is: 3
The side lengths of 2 * 2 tiles are: {1, 3, 7}
The value of arr is: {11, 10}
The column indices of 1 * 2 tiles are: {3i+3, 3i+5} for 0<=i<=m-1.
29 26 52 36 26 36 56 29 14 14 15 1 1 15 
2 2 16 30 27 55 37 27 37 59 30 1 1 16 
2 2 17 3 3 17 31 28 58 38 28 38 62 31 
39 51 32 3 3 18 4 4 18 32 15 61 39 15 
50 40 16 40 54 33 4 4 19 5 5 19 33 16 
20 34 17 53 41 17 41 57 34 5 5 20 6 6 
21 7 7 21 35 18 56 42 18 42 60 35 6 6 
29 7 7 22 8 8 22 29 19 59 43 19 43 63 
20 44 52 30 8 8 23 9 9 23 30 20 62 44 
21 51 45 21 45 55 31 9 9 24 10 10 24 31 
11 25 32 22 54 46 22 46 58 32 10 10 25 11 
11 26 12 12 26 33 23 57 47 23 47 61 33 11 
50 34 12 12 27 13 13 27 34 24 60 48 24 48 
49 25 49 53 35 13 13 28 14 14 28 35 25 63 

The value of m is: 14
The value of p is: 3
The side lengths of 2 * 2 tiles are: {1, 4, 7}
The value of arr is: {1, 4}
The column indices of 1 * 2 tiles are: {3i+3, 3i+9} for 0<=i<=m-1.
29 1 1 36 15 55 25 29 15 36 25 61 14 14 
50 1 1 30 2 2 37 16 58 26 30 16 37 26 
17 38 27 53 2 2 31 3 3 38 17 61 27 31 
50 28 32 18 39 28 56 3 3 32 4 4 39 18 
5 40 19 53 15 33 19 40 15 59 4 4 33 5 
5 34 6 6 41 20 56 16 34 20 41 16 62 5 
17 51 6 6 35 7 7 42 21 59 17 35 21 42 
29 22 43 18 54 7 7 29 8 8 43 22 62 18 
23 51 19 30 23 44 19 57 8 8 30 9 9 44 
10 10 45 24 54 20 31 24 45 20 60 9 9 31 
10 10 32 11 11 46 25 57 21 32 25 46 21 63 
47 22 52 11 11 33 12 12 47 26 60 22 33 26 
23 34 27 48 23 55 12 12 34 13 13 48 27 63 
49 28 52 24 35 28 49 24 58 13 13 35 14 14 

The value of m is: 14
The value of p is: 3
The side lengths of 2 * 2 tiles are: {1, 4, 7}
The value of arr is: {1, 4}
The column indices of 1 * 2 tiles are: {3i+3, 3i+11} for 0<=i<=m-1.
29 1 1 36 15 55 25 29 15 59 25 36 14 14 
37 1 1 30 2 2 37 16 58 26 30 16 62 26 
17 51 27 38 2 2 31 3 3 38 17 61 27 31 
50 28 32 18 54 28 39 3 3 32 4 4 39 18 
5 40 19 53 15 33 19 57 15 40 4 4 33 5 
5 34 6 6 41 20 56 16 34 20 60 16 41 5 
17 42 6 6 35 7 7 42 21 59 17 35 21 63 
29 22 52 18 43 7 7 29 8 8 43 22 62 18 
23 51 19 30 23 55 19 44 8 8 30 9 9 44 
10 10 45 24 54 20 31 24 58 20 45 9 9 31 
10 10 32 11 11 46 25 57 21 32 25 61 21 46 
50 22 47 11 11 33 12 12 47 26 60 22 33 26 
23 34 27 53 23 48 12 12 34 13 13 48 27 63 
49 28 52 24 35 28 56 24 49 13 13 35 14 14 

The value of m is: 14
The value of p is: 3
The side lengths of 2 * 2 tiles are: {1, 4, 7}
The value of arr is: {1, 4}
The column indices of 1 * 2 tiles are: {3i+5, 3i+11} for 0<=i<=m-1.
29 1 1 53 15 36 25 29 15 59 25 36 14 14 
37 1 1 30 2 2 56 16 37 26 30 16 62 26 
17 51 27 38 2 2 31 3 3 59 17 38 27 31 
39 28 32 18 54 28 39 3 3 32 4 4 62 18 
5 51 19 40 15 33 19 57 15 40 4 4 33 5 
5 34 6 6 54 20 41 16 34 20 60 16 41 5 
17 42 6 6 35 7 7 57 21 42 17 35 21 63 
29 22 52 18 43 7 7 29 8 8 60 22 43 18 
23 44 19 30 23 55 19 44 8 8 30 9 9 63 
10 10 52 24 45 20 31 24 58 20 45 9 9 31 
10 10 32 11 11 55 25 46 21 32 25 61 21 46 
50 22 47 11 11 33 12 12 58 26 47 22 33 26 
23 34 27 53 23 48 12 12 34 13 13 61 27 48 
50 28 49 24 35 28 56 24 49 13 13 35 14 14 

The value of m is: 14
The value of p is: 3
The side lengths of 2 * 2 tiles are: {1, 4, 7}
The value of arr is: {12, 2}
The column indices of 1 * 2 tiles are: {3i+1, 3i+3} for 0<=i<=m-1.
29 36 15 36 25 55 15 29 25 14 14 61 1 1 
50 2 2 30 37 16 37 26 58 16 30 26 1 1 
27 2 2 53 3 3 31 38 17 38 27 61 17 31 
50 18 32 28 3 3 56 4 4 32 39 18 39 28 
19 40 15 53 19 33 15 4 4 59 5 5 33 40 
6 34 41 20 41 16 56 20 34 16 5 5 62 6 
6 51 7 7 35 42 21 42 17 59 21 35 17 6 
29 18 7 7 54 8 8 29 43 22 43 18 62 22 
19 51 23 30 19 8 8 57 9 9 30 44 23 44 
45 24 45 20 54 24 31 20 9 9 60 10 10 31 
11 11 32 46 25 46 21 57 25 32 21 10 10 63 
11 11 52 12 12 33 47 26 47 22 60 26 33 22 
27 34 23 12 12 55 13 13 34 48 27 48 23 63 
49 24 52 28 35 24 13 13 58 14 14 35 49 28 

The value of m is: 14
The value of p is: 3
The side lengths of 2 * 2 tiles are: {1, 4, 7}
The value of arr is: {12, 2}
The column indices of 1 * 2 tiles are: {3i+3, 3i+5} for 0<=i<=m-1.
29 51 15 36 25 36 15 29 25 14 14 61 1 1 
50 2 2 30 54 16 37 26 37 16 30 26 1 1 
27 2 2 53 3 3 31 57 17 38 27 38 17 31 
39 18 32 28 3 3 56 4 4 32 60 18 39 28 
19 40 15 40 19 33 15 4 4 59 5 5 33 63 
6 34 52 20 41 16 41 20 34 16 5 5 62 6 
6 51 7 7 35 55 21 42 17 42 21 35 17 6 
29 18 7 7 54 8 8 29 58 22 43 18 43 22 
19 44 23 30 19 8 8 57 9 9 30 61 23 44 
50 24 45 20 45 24 31 20 9 9 60 10 10 31 
11 11 32 53 25 46 21 46 25 32 21 10 10 63 
11 11 52 12 12 33 56 26 47 22 47 26 33 22 
27 34 23 12 12 55 13 13 34 59 27 48 23 48 
49 24 49 28 35 24 13 13 58 14 14 35 62 28 

The value of m is: 14
The value of p is: 3
The side lengths of 2 * 2 tiles are: {1, 4, 7}
The value of arr is: {12, 2}
The column indices of 1 * 2 tiles are: {3i+3, 3i+11} for 0<=i<=m-1.
29 51 15 36 25 55 15 29 25 14 14 36 1 1 
37 2 2 30 54 16 37 26 58 16 30 26 1 1 
27 2 2 38 3 3 31 57 17 38 27 61 17 31 
50 18 32 28 3 3 39 4 4 32 60 18 39 28 
19 40 15 53 19 33 15 4 4 40 5 5 33 63 
6 34 52 20 41 16 56 20 34 16 5 5 41 6 
6 42 7 7 35 55 21 42 17 59 21 35 17 6 
29 18 7 7 43 8 8 29 58 22 43 18 62 22 
19 51 23 30 19 8 8 44 9 9 30 61 23 44 
50 24 45 20 54 24 31 20 9 9 45 10 10 31 
11 11 32 53 25 46 21 57 25 32 21 10 10 46 
11 11 47 12 12 33 56 26 47 22 60 26 33 22 
27 34 23 12 12 48 13 13 34 59 27 48 23 63 
49 24 52 28 35 24 13 13 49 14 14 35 62 28 

The value of m is: 14
The value of p is: 3
The side lengths of 2 * 2 tiles are: {1, 4, 7}
The value of arr is: {4, 6}
The column indices of 1 * 2 tiles are: {3i+3, 3i+11} for 0<=i<=m-1.
29 14 14 36 1 1 15 29 25 59 15 36 25 63 
37 26 52 30 1 1 37 2 2 16 30 26 62 16 
27 51 17 38 27 55 31 2 2 38 3 3 17 31 
4 18 32 28 54 18 39 28 58 32 3 3 39 4 
4 40 5 5 19 33 15 57 19 40 15 61 33 4 
50 34 5 5 41 6 6 20 34 16 60 20 41 16 
21 42 17 53 35 6 6 42 7 7 21 35 17 63 
29 18 52 22 43 18 56 29 7 7 43 8 8 22 
9 9 23 30 19 55 23 44 19 59 30 8 8 44 
9 9 45 10 10 24 31 20 58 24 45 20 62 31 
21 51 32 10 10 46 11 11 25 32 21 61 25 46 
50 26 47 22 54 33 11 11 47 12 12 26 33 22 
27 34 23 53 27 48 23 57 34 12 12 48 13 13 
49 14 14 28 35 24 56 28 49 24 60 35 13 13 

The value of m is: 14
The value of p is: 3
The side lengths of 2 * 2 tiles are: {1, 4, 7}
The value of arr is: {4, 6}
The column indices of 1 * 2 tiles are: {3i+9, 3i+11} for 0<=i<=m-1.
29 14 14 53 1 1 15 29 25 36 15 36 25 63 
37 26 52 30 1 1 56 2 2 16 30 26 37 16 
27 38 17 38 27 55 31 2 2 59 3 3 17 31 
4 18 32 28 39 18 39 28 58 32 3 3 62 4 
4 51 5 5 19 33 15 40 19 40 15 61 33 4 
50 34 5 5 54 6 6 20 34 16 41 20 41 16 
21 42 17 53 35 6 6 57 7 7 21 35 17 42 
29 18 43 22 43 18 56 29 7 7 60 8 8 22 
9 9 23 30 19 44 23 44 19 59 30 8 8 63 
9 9 52 10 10 24 31 20 45 24 45 20 62 31 
21 51 32 10 10 55 11 11 25 32 21 46 25 46 
47 26 47 22 54 33 11 11 58 12 12 26 33 22 
27 34 23 48 27 48 23 57 34 12 12 61 13 13 
50 14 14 28 35 24 49 28 49 24 60 35 13 13 

The value of m is: 14
The value of p is: 3
The side lengths of 2 * 2 tiles are: {1, 4, 7}
The value of arr is: {4, 6}
The column indices of 1 * 2 tiles are: {3i+11, 3i+13} for 0<=i<=m-1.
29 14 14 53 1 1 15 29 25 59 15 36 25 36 
37 26 37 30 1 1 56 2 2 16 30 26 62 16 
27 51 17 38 27 38 31 2 2 59 3 3 17 31 
4 18 32 28 54 18 39 28 39 32 3 3 62 4 
4 51 5 5 19 33 15 57 19 40 15 40 33 4 
41 34 5 5 54 6 6 20 34 16 60 20 41 16 
21 42 17 42 35 6 6 57 7 7 21 35 17 63 
29 18 52 22 43 18 43 29 7 7 60 8 8 22 
9 9 23 30 19 55 23 44 19 44 30 8 8 63 
9 9 52 10 10 24 31 20 58 24 45 20 45 31 
21 46 32 10 10 55 11 11 25 32 21 61 25 46 
50 26 47 22 47 33 11 11 58 12 12 26 33 22 
27 34 23 53 27 48 23 48 34 12 12 61 13 13 
50 14 14 28 35 24 56 28 49 24 49 35 13 13 

The value of m is: 14
The value of p is: 3
The side lengths of 2 * 2 tiles are: {1, 4, 7}
The value of arr is: {5, 9}
The column indices of 1 * 2 tiles are: {3i+4, 3i+10} for 0<=i<=m-1.
29 25 14 14 36 1 1 29 58 15 36 25 62 15 
26 51 16 30 26 1 1 37 2 2 30 61 16 37 
50 17 38 27 54 17 31 27 2 2 38 3 3 31 
4 4 32 53 18 39 28 57 18 32 28 3 3 39 
4 4 40 5 5 33 56 19 40 15 60 19 33 15 
20 34 16 5 5 41 6 6 34 59 20 41 16 63 
42 17 52 21 35 17 6 6 42 7 7 35 62 21 
29 51 22 43 18 55 22 29 18 7 7 43 8 8 
44 9 9 30 54 23 44 19 58 23 30 19 8 8 
20 9 9 45 10 10 31 57 24 45 20 61 24 31 
50 25 32 21 10 10 46 11 11 32 60 25 46 21 
26 47 22 53 26 33 22 11 11 47 12 12 33 63 
13 34 52 27 48 23 56 27 34 23 12 12 48 13 
13 49 14 14 35 55 28 49 24 59 28 35 24 13 

The value of m is: 14
The value of p is: 3
The side lengths of 2 * 2 tiles are: {1, 4, 7}
The value of arr is: {5, 9}
The column indices of 1 * 2 tiles are: {3i+8, 3i+10} for 0<=i<=m-1.
29 25 14 14 54 1 1 29 36 15 36 25 62 15 
26 51 16 30 26 1 1 57 2 2 30 37 16 37 
38 17 38 27 54 17 31 27 2 2 60 3 3 31 
4 4 32 39 18 39 28 57 18 32 28 3 3 63 
4 4 52 5 5 33 40 19 40 15 60 19 33 15 
20 34 16 5 5 55 6 6 34 41 20 41 16 63 
42 17 52 21 35 17 6 6 58 7 7 35 42 21 
29 43 22 43 18 55 22 29 18 7 7 61 8 8 
50 9 9 30 44 23 44 19 58 23 30 19 8 8 
20 9 9 53 10 10 31 45 24 45 20 61 24 31 
50 25 32 21 10 10 56 11 11 32 46 25 46 21 
26 47 22 53 26 33 22 11 11 59 12 12 33 47 
13 34 48 27 48 23 56 27 34 23 12 12 62 13 
13 51 14 14 35 49 28 49 24 59 28 35 24 13 

The value of m is: 14
The value of p is: 3
The side lengths of 2 * 2 tiles are: {1, 4, 7}
The value of arr is: {5, 9}
The column indices of 1 * 2 tiles are: {3i+10, 3i+12} for 0<=i<=m-1.
29 25 14 14 54 1 1 29 58 15 36 25 36 15 
26 37 16 30 26 1 1 57 2 2 30 61 16 37 
50 17 38 27 38 17 31 27 2 2 60 3 3 31 
4 4 32 53 18 39 28 39 18 32 28 3 3 63 
4 4 52 5 5 33 56 19 40 15 40 19 33 15 
20 34 16 5 5 55 6 6 34 59 20 41 16 41 
42 17 42 21 35 17 6 6 58 7 7 35 62 21 
29 51 22 43 18 43 22 29 18 7 7 61 8 8 
50 9 9 30 54 23 44 19 44 23 30 19 8 8 
20 9 9 53 10 10 31 57 24 45 20 45 24 31 
46 25 32 21 10 10 56 11 11 32 60 25 46 21 
26 47 22 47 26 33 22 11 11 59 12 12 33 63 
13 34 52 27 48 23 48 27 34 23 12 12 62 13 
13 51 14 14 35 55 28 49 24 49 28 35 24 13 

The value of m is: 14
The value of p is: 3
The side lengths of 2 * 2 tiles are: {1, 4, 7}
The value of arr is: {8, 11}
The column indices of 1 * 2 tiles are: {3i+2, 3i+10} for 0<=i<=m-1.
29 15 36 25 54 14 14 29 1 1 36 15 62 25 
16 51 26 30 16 37 26 57 1 1 30 2 2 37 
3 3 38 17 54 27 31 17 38 27 60 2 2 31 
3 3 32 4 4 39 18 57 28 32 18 39 28 63 
40 15 52 4 4 33 5 5 40 19 60 15 33 19 
16 34 20 41 16 55 5 5 34 6 6 41 20 63 
42 21 52 17 35 21 42 17 58 6 6 35 7 7 
29 8 8 43 22 55 18 29 22 43 18 61 7 7 
50 8 8 30 9 9 44 23 58 19 30 23 44 19 
24 45 20 53 9 9 31 10 10 45 24 61 20 31 
50 21 32 25 46 21 56 10 10 32 11 11 46 25 
12 47 26 53 22 33 26 47 22 59 11 11 33 12 
12 34 13 13 48 27 56 23 34 27 48 23 62 12 
24 51 13 13 35 14 14 49 28 59 24 35 28 49 

The value of m is: 14
The value of p is: 3
The side lengths of 2 * 2 tiles are: {1, 4, 7}
The value of arr is: {8, 11}
The column indices of 1 * 2 tiles are: {3i+4, 3i+10} for 0<=i<=m-1.
29 15 52 25 36 14 14 29 1 1 36 15 62 25 
16 51 26 30 16 55 26 37 1 1 30 2 2 37 
3 3 38 17 54 27 31 17 58 27 38 2 2 31 
3 3 32 4 4 39 18 57 28 32 18 61 28 39 
50 15 40 4 4 33 5 5 40 19 60 15 33 19 
16 34 20 53 16 41 5 5 34 6 6 41 20 63 
42 21 52 17 35 21 56 17 42 6 6 35 7 7 
29 8 8 43 22 55 18 29 22 59 18 43 7 7 
44 8 8 30 9 9 44 23 58 19 30 23 62 19 
24 51 20 45 9 9 31 10 10 45 24 61 20 31 
50 21 32 25 54 21 46 10 10 32 11 11 46 25 
12 47 26 53 22 33 26 57 22 47 11 11 33 12 
12 34 13 13 48 27 56 23 34 27 60 23 48 12 
24 49 13 13 35 14 14 49 28 59 24 35 28 63 

The value of m is: 14
The value of p is: 3
The side lengths of 2 * 2 tiles are: {1, 4, 7}
The value of arr is: {8, 11}
The column indices of 1 * 2 tiles are: {3i+4, 3i+12} for 0<=i<=m-1.
29 15 52 25 36 14 14 29 1 1 60 15 36 25 
16 37 26 30 16 55 26 37 1 1 30 2 2 63 
3 3 52 17 38 27 31 17 58 27 38 2 2 31 
3 3 32 4 4 55 18 39 28 32 18 61 28 39 
50 15 40 4 4 33 5 5 58 19 40 15 33 19 
16 34 20 53 16 41 5 5 34 6 6 61 20 41 
50 21 42 17 35 21 56 17 42 6 6 35 7 7 
29 8 8 53 22 43 18 29 22 59 18 43 7 7 
44 8 8 30 9 9 56 23 44 19 30 23 62 19 
24 51 20 45 9 9 31 10 10 59 24 45 20 31 
46 21 32 25 54 21 46 10 10 32 11 11 62 25 
12 51 26 47 22 33 26 57 22 47 11 11 33 12 
12 34 13 13 54 27 48 23 34 27 60 23 48 12 
24 49 13 13 35 14 14 57 28 49 24 35 28 63 

The value of m is: 14
The value of p is: 3
The side lengths of 2 * 2 tiles are: {1, 4, 7}
The value of arr is: {11, 13}
The column indices of 1 * 2 tiles are: {3i+2, 3i+4} for 0<=i<=m-1.
29 25 36 15 36 25 56 29 14 14 60 1 1 15 
2 2 16 30 26 37 16 37 26 59 30 1 1 63 
2 2 52 3 3 17 31 27 38 17 38 27 62 31 
28 51 32 3 3 55 4 4 18 32 28 39 18 39 
40 19 40 15 54 33 4 4 58 5 5 19 33 15 
20 34 16 41 20 41 16 57 34 5 5 61 6 6 
50 7 7 21 35 17 42 21 42 17 60 35 6 6 
29 7 7 53 8 8 22 29 18 43 22 43 18 63 
44 19 52 30 8 8 56 9 9 23 30 19 44 23 
20 45 24 45 20 55 31 9 9 59 10 10 24 31 
11 25 32 21 46 25 46 21 58 32 10 10 62 11 
11 51 12 12 26 33 22 47 26 47 22 61 33 11 
50 34 12 12 54 13 13 27 34 23 48 27 48 23 
28 49 24 53 35 13 13 57 14 14 28 35 24 49 

The value of m is: 14
The value of p is: 3
The side lengths of 2 * 2 tiles are: {1, 4, 7}
The value of arr is: {11, 13}
The column indices of 1 * 2 tiles are: {3i+4, 3i+6} for 0<=i<=m-1.
29 25 52 15 36 25 36 29 14 14 60 1 1 15 
2 2 16 30 26 55 16 37 26 37 30 1 1 63 
2 2 52 3 3 17 31 27 58 17 38 27 38 31 
28 39 32 3 3 55 4 4 18 32 28 61 18 39 
50 19 40 15 40 33 4 4 58 5 5 19 33 15 
20 34 16 53 20 41 16 41 34 5 5 61 6 6 
50 7 7 21 35 17 56 21 42 17 42 35 6 6 
29 7 7 53 8 8 22 29 18 59 22 43 18 43 
44 19 44 30 8 8 56 9 9 23 30 19 62 23 
20 51 24 45 20 45 31 9 9 59 10 10 24 31 
11 25 32 21 54 25 46 21 46 32 10 10 62 11 
11 51 12 12 26 33 22 57 26 47 22 47 33 11 
48 34 12 12 54 13 13 27 34 23 60 27 48 23 
28 49 24 49 35 13 13 57 14 14 28 35 24 63 

The value of m is: 14
The value of p is: 3
The side lengths of 2 * 2 tiles are: {1, 4, 7}
The value of arr is: {11, 13}
The column indices of 1 * 2 tiles are: {3i+4, 3i+10} for 0<=i<=m-1.
29 25 52 15 36 25 56 29 14 14 36 1 1 15 
2 2 16 30 26 55 16 37 26 59 30 1 1 37 
2 2 38 3 3 17 31 27 58 17 38 27 62 31 
28 51 32 3 3 39 4 4 18 32 28 61 18 39 
50 19 40 15 54 33 4 4 40 5 5 19 33 15 
20 34 16 53 20 41 16 57 34 5 5 41 6 6 
42 7 7 21 35 17 56 21 42 17 60 35 6 6 
29 7 7 43 8 8 22 29 18 59 22 43 18 63 
44 19 52 30 8 8 44 9 9 23 30 19 62 23 
20 51 24 45 20 55 31 9 9 45 10 10 24 31 
11 25 32 21 54 25 46 21 58 32 10 10 46 11 
11 47 12 12 26 33 22 57 26 47 22 61 33 11 
50 34 12 12 48 13 13 27 34 23 60 27 48 23 
28 49 24 53 35 13 13 49 14 14 28 35 24 63 

The value of m is: 14
The value of p is: 3
The side lengths of 2 * 2 tiles are: {1, 5, 7}
The value of arr is: {1, 4}
The column indices of 1 * 2 tiles are: {3i+5, 3i+11} for 0<=i<=m-1.
29 1 1 24 15 36 56 29 24 15 60 36 14 14 
37 1 1 30 2 2 25 16 37 59 30 25 16 63 
26 17 52 38 2 2 31 3 3 26 17 38 62 31 
39 51 32 27 18 55 39 3 3 32 4 4 27 18 
5 28 19 40 54 33 28 19 58 40 4 4 33 5 
5 34 6 6 15 20 41 57 34 15 20 61 41 5 
50 42 6 6 35 7 7 16 21 42 60 35 16 21 
29 17 22 53 43 7 7 29 8 8 17 22 43 63 
23 44 52 30 18 23 56 44 8 8 30 9 9 18 
10 10 19 24 45 55 31 19 24 59 45 9 9 31 
10 10 32 11 11 20 25 46 58 32 20 25 62 46 
26 51 47 11 11 33 12 12 21 26 47 61 33 21 
50 34 22 27 54 48 12 12 34 13 13 22 27 48 
23 28 49 53 35 23 28 57 49 13 13 35 14 14 

The value of m is: 14
The value of p is: 3
The side lengths of 2 * 2 tiles are: {1, 5, 7}
The value of arr is: {1, 4}
The column indices of 1 * 2 tiles are: {3i+6, 3i+10} for 0<=i<=m-1.
29 1 1 24 15 55 36 29 24 15 36 61 14 14 
50 1 1 30 2 2 25 16 58 37 30 25 16 37 
26 17 38 53 2 2 31 3 3 26 17 61 38 31 
50 39 32 27 18 39 56 3 3 32 4 4 27 18 
5 28 19 53 40 33 28 19 40 59 4 4 33 5 
5 34 6 6 15 20 56 41 34 15 20 41 62 5 
42 51 6 6 35 7 7 16 21 59 42 35 16 21 
29 17 22 43 54 7 7 29 8 8 17 22 62 43 
23 51 44 30 18 23 44 57 8 8 30 9 9 18 
10 10 19 24 54 45 31 19 24 45 60 9 9 31 
10 10 32 11 11 20 25 57 46 32 20 25 46 63 
26 47 52 11 11 33 12 12 21 26 60 47 33 21 
48 34 22 27 48 55 12 12 34 13 13 22 27 63 
23 28 52 49 35 23 28 49 58 13 13 35 14 14 

The value of m is: 14
The value of p is: 3
The side lengths of 2 * 2 tiles are: {1, 5, 7}
The value of arr is: {1, 5}
The column indices of 1 * 2 tiles are: {3i+3, 3i+11} for 0<=i<=m-1.
29 1 1 36 24 15 56 29 58 24 15 36 14 14 
37 1 1 30 2 2 37 25 16 59 30 61 25 16 
50 26 17 38 2 2 31 3 3 38 26 17 62 31 
18 51 32 53 27 18 39 3 3 32 4 4 39 27 
5 40 28 19 54 33 56 28 19 40 4 4 33 5 
5 34 6 6 41 15 20 57 34 59 15 20 41 5 
21 42 6 6 35 7 7 42 16 21 60 35 62 16 
29 51 17 22 43 7 7 29 8 8 43 17 22 63 
18 23 52 30 54 18 23 44 8 8 30 9 9 44 
10 10 45 19 24 55 31 57 19 24 45 9 9 31 
10 10 32 11 11 46 20 25 58 32 60 20 25 46 
21 26 47 11 11 33 12 12 47 21 26 61 33 63 
50 34 52 22 27 48 12 12 34 13 13 48 22 27 
49 23 28 53 35 55 23 28 49 13 13 35 14 14 

The value of m is: 14
The value of p is: 3
The side lengths of 2 * 2 tiles are: {1, 5, 7}
The value of arr is: {1, 5}
The column indices of 1 * 2 tiles are: {3i+6, 3i+8} for 0<=i<=m-1.
29 1 1 53 24 15 36 29 36 24 15 61 14 14 
50 1 1 30 2 2 56 25 16 37 30 37 25 16 
38 26 17 53 2 2 31 3 3 59 26 17 38 31 
18 39 32 39 27 18 56 3 3 32 4 4 62 27 
5 51 28 19 40 33 40 28 19 59 4 4 33 5 
5 34 6 6 54 15 20 41 34 41 15 20 62 5 
21 51 6 6 35 7 7 57 16 21 42 35 42 16 
29 43 17 22 54 7 7 29 8 8 60 17 22 43 
18 23 44 30 44 18 23 57 8 8 30 9 9 63 
10 10 52 19 24 45 31 45 19 24 60 9 9 31 
10 10 32 11 11 55 20 25 46 32 46 20 25 63 
21 26 52 11 11 33 12 12 58 21 26 47 33 47 
48 34 48 22 27 55 12 12 34 13 13 61 22 27 
50 23 28 49 35 49 23 28 58 13 13 35 14 14 

The value of m is: 14
The value of p is: 3
The side lengths of 2 * 2 tiles are: {1, 5, 7}
The value of arr is: {1, 6}
The column indices of 1 * 2 tiles are: {3i+3, 3i+9} for 0<=i<=m-1.
29 1 1 36 54 24 15 29 58 36 24 15 14 14 
16 1 1 30 2 2 37 57 25 16 30 61 37 25 
50 38 26 17 2 2 31 3 3 38 60 26 17 31 
27 18 32 53 39 27 18 3 3 32 4 4 39 63 
5 40 52 28 19 33 56 40 28 19 4 4 33 5 
5 34 6 6 41 55 15 20 34 59 41 15 20 5 
16 21 6 6 35 7 7 42 58 16 21 35 62 42 
29 51 43 17 22 7 7 29 8 8 43 61 17 22 
50 18 23 30 54 44 18 23 8 8 30 9 9 44 
10 10 45 53 19 24 31 57 45 19 24 9 9 31 
10 10 32 11 11 46 56 20 25 32 60 46 20 25 
47 21 26 11 11 33 12 12 47 59 21 26 33 63 
27 34 52 48 22 27 12 12 34 13 13 48 62 22 
49 51 23 28 35 55 49 23 28 13 13 35 14 14 

The value of m is: 14
The value of p is: 3
The side lengths of 2 * 2 tiles are: {1, 5, 7}
The value of arr is: {1, 6}
The column indices of 1 * 2 tiles are: {3i+4, 3i+8} for 0<=i<=m-1.
29 1 1 53 36 24 15 29 36 59 24 15 14 14 
16 1 1 30 2 2 56 37 25 16 30 37 62 25 
38 51 26 17 2 2 31 3 3 59 38 26 17 31 
27 18 32 39 54 27 18 3 3 32 4 4 62 39 
5 51 40 28 19 33 40 57 28 19 4 4 33 5 
5 34 6 6 54 41 15 20 34 41 60 15 20 5 
16 21 6 6 35 7 7 57 42 16 21 35 42 63 
29 43 52 17 22 7 7 29 8 8 60 43 17 22 
44 18 23 30 44 55 18 23 8 8 30 9 9 63 
10 10 52 45 19 24 31 45 58 19 24 9 9 31 
10 10 32 11 11 55 46 20 25 32 46 61 20 25 
50 21 26 11 11 33 12 12 58 47 21 26 33 47 
27 34 48 53 22 27 12 12 34 13 13 61 48 22 
50 49 23 28 35 49 56 23 28 13 13 35 14 14 

The value of m is: 14
The value of p is: 3
The side lengths of 2 * 2 tiles are: {1, 5, 7}
The value of arr is: {8, 11}
The column indices of 1 * 2 tiles are: {3i+3, 3i+13} for 0<=i<=m-1.
29 24 15 36 54 14 14 29 1 1 24 15 62 36 
16 51 37 30 25 16 37 57 1 1 30 2 2 25 
3 3 26 17 54 38 31 26 17 38 60 2 2 31 
3 3 32 4 4 27 18 57 39 32 27 18 39 63 
19 40 52 4 4 33 5 5 28 19 60 40 33 28 
41 34 15 20 41 55 5 5 34 6 6 15 20 63 
16 21 52 42 35 16 21 42 58 6 6 35 7 7 
29 8 8 17 22 55 43 29 17 22 43 61 7 7 
50 8 8 30 9 9 18 23 58 44 30 18 23 44 
19 24 45 53 9 9 31 10 10 19 24 61 45 31 
50 46 32 20 25 46 56 10 10 32 11 11 20 25 
12 21 26 53 47 33 21 26 47 59 11 11 33 12 
12 34 13 13 22 27 56 48 34 22 27 48 62 12 
49 51 13 13 35 14 14 23 28 59 49 35 23 28 

The value of m is: 14
The value of p is: 3
The side lengths of 2 * 2 tiles are: {1, 5, 7}
The value of arr is: {8, 11}
The column indices of 1 * 2 tiles are: {3i+4, 3i+12} for 0<=i<=m-1.
29 24 15 53 36 14 14 29 1 1 24 15 36 63 
16 37 52 30 25 16 56 37 1 1 30 2 2 25 
3 3 26 17 38 55 31 26 17 59 38 2 2 31 
3 3 32 4 4 27 18 39 58 32 27 18 62 39 
19 51 40 4 4 33 5 5 28 19 40 61 33 28 
50 34 15 20 54 41 5 5 34 6 6 15 20 41 
16 21 42 53 35 16 21 57 42 6 6 35 7 7 
29 8 8 17 22 43 56 29 17 22 60 43 7 7 
44 8 8 30 9 9 18 23 44 59 30 18 23 63 
19 24 52 45 9 9 31 10 10 19 24 45 62 31 
46 51 32 20 25 55 46 10 10 32 11 11 20 25 
12 21 26 47 54 33 21 26 58 47 11 11 33 12 
12 34 13 13 22 27 48 57 34 22 27 61 48 12 
50 49 13 13 35 14 14 23 28 49 60 35 23 28 

The value of m is: 14
The value of p is: 3
The side lengths of 2 * 2 tiles are: {1, 5, 7}
The value of arr is: {8, 12}
The column indices of 1 * 2 tiles are: {3i+1, 3i+13} for 0<=i<=m-1.
29 36 24 15 54 14 14 29 1 1 60 24 15 36 
25 16 37 30 37 25 16 57 1 1 30 2 2 63 
3 3 52 26 17 38 31 38 26 17 60 2 2 31 
3 3 32 4 4 55 27 18 39 32 39 27 18 63 
28 19 52 4 4 33 5 5 58 28 19 40 33 40 
41 34 41 15 20 55 5 5 34 6 6 61 15 20 
50 16 21 42 35 42 16 21 58 6 6 35 7 7 
29 8 8 53 17 22 43 29 43 17 22 61 7 7 
50 8 8 30 9 9 56 18 23 44 30 44 18 23 
45 19 24 53 9 9 31 10 10 59 19 24 45 31 
25 46 32 46 20 25 56 10 10 32 11 11 62 20 
12 51 21 26 47 33 47 21 26 59 11 11 33 12 
12 34 13 13 54 22 27 48 34 48 22 27 62 12 
28 51 13 13 35 14 14 57 23 28 49 35 49 23 

The value of m is: 14
The value of p is: 3
The side lengths of 2 * 2 tiles are: {1, 5, 7}
The value of arr is: {8, 12}
The column indices of 1 * 2 tiles are: {3i+4, 3i+10} for 0<=i<=m-1.
29 51 24 15 36 14 14 29 1 1 36 24 15 63 
25 16 52 30 54 25 16 37 1 1 30 2 2 37 
3 3 38 26 17 55 31 57 26 17 38 2 2 31 
3 3 32 4 4 39 27 18 58 32 60 27 18 39 
28 19 40 4 4 33 5 5 40 28 19 61 33 63 
50 34 52 15 20 41 5 5 34 6 6 41 15 20 
42 16 21 53 35 55 16 21 42 6 6 35 7 7 
29 8 8 43 17 22 56 29 58 17 22 43 7 7 
44 8 8 30 9 9 44 18 23 59 30 61 18 23 
50 19 24 45 9 9 31 10 10 45 19 24 62 31 
25 51 32 53 20 25 46 10 10 32 11 11 46 20 
12 47 21 26 54 33 56 21 26 47 11 11 33 12 
12 34 13 13 48 22 27 57 34 59 22 27 48 12 
28 49 13 13 35 14 14 49 23 28 60 35 62 23 

The value of m is: 14
The value of p is: 3
The side lengths of 2 * 2 tiles are: {1, 5, 7}
The value of arr is: {8, 13}
The column indices of 1 * 2 tiles are: {3i+1, 3i+11} for 0<=i<=m-1.
29 36 52 24 15 14 14 29 1 1 60 36 24 15 
37 25 16 30 37 55 25 16 1 1 30 2 2 63 
3 3 52 38 26 17 31 38 58 26 17 2 2 31 
3 3 32 4 4 55 39 27 18 32 39 61 27 18 
50 28 19 4 4 33 5 5 58 40 28 19 33 40 
20 34 41 53 15 20 5 5 34 6 6 61 41 15 
50 42 16 21 35 42 56 16 21 6 6 35 7 7 
29 8 8 53 43 17 22 29 43 59 17 22 7 7 
23 8 8 30 9 9 56 44 18 23 30 44 62 18 
45 51 19 24 9 9 31 10 10 59 45 19 24 31 
20 25 32 46 54 20 25 10 10 32 11 11 62 46 
12 51 47 21 26 33 47 57 21 26 11 11 33 12 
12 34 13 13 54 48 22 27 34 48 60 22 27 12 
23 28 13 13 35 14 14 57 49 23 28 35 49 63 

The value of m is: 14
The value of p is: 3
The side lengths of 2 * 2 tiles are: {1, 5, 7}
The value of arr is: {8, 13}
The column indices of 1 * 2 tiles are: {3i+2, 3i+10} for 0<=i<=m-1.
29 51 36 24 15 14 14 29 1 1 36 61 24 15 
50 25 16 30 54 37 25 16 1 1 30 2 2 37 
3 3 38 53 26 17 31 57 38 26 17 2 2 31 
3 3 32 4 4 39 56 27 18 32 60 39 27 18 
40 28 19 4 4 33 5 5 40 59 28 19 33 63 
20 34 52 41 15 20 5 5 34 6 6 41 62 15 
42 51 16 21 35 55 42 16 21 6 6 35 7 7 
29 8 8 43 54 17 22 29 58 43 17 22 7 7 
23 8 8 30 9 9 44 57 18 23 30 61 44 18 
50 45 19 24 9 9 31 10 10 45 60 19 24 31 
20 25 32 53 46 20 25 10 10 32 11 11 46 63 
12 47 52 21 26 33 56 47 21 26 11 11 33 12 
12 34 13 13 48 55 22 27 34 59 48 22 27 12 
23 28 13 13 35 14 14 49 58 23 28 35 62 49 

The value of m is: 14
The value of p is: 3
The side lengths of 2 * 2 tiles are: {2, 3, 7}
The value of arr is: {3, 1}
The column indices of 1 * 2 tiles are: {3i+2, 3i+8} for 0<=i<=m-1.
29 15 36 1 15 1 26 29 36 26 60 13 62 13 
14 51 14 30 16 37 2 16 2 27 30 37 27 63 
38 28 52 1 54 1 31 17 38 3 17 3 28 31 
4 15 32 39 15 55 2 57 2 32 18 39 4 18 
40 5 19 5 16 33 40 16 58 3 60 3 33 19 
4 34 20 41 6 20 6 17 34 41 17 61 4 63 
50 5 52 5 35 21 42 7 21 7 18 35 42 18 
29 43 19 53 6 55 6 29 22 43 8 22 8 19 
23 9 20 30 44 20 56 7 58 7 30 23 44 9 
24 45 10 24 10 21 31 45 21 59 8 61 8 31 
50 9 32 25 46 11 25 11 22 32 46 22 62 9 
23 51 10 53 10 33 26 47 12 26 12 23 33 47 
24 34 48 24 54 11 56 11 34 27 48 13 27 13 
14 28 14 25 35 49 25 57 12 59 12 35 28 49 

The value of m is: 14
The value of p is: 3
The side lengths of 2 * 2 tiles are: {2, 3, 7}
The value of arr is: {3, 1}
The column indices of 1 * 2 tiles are: {3i+2, 3i+10} for 0<=i<=m-1.
29 15 36 1 15 1 26 29 58 26 36 13 62 13 
14 51 14 30 16 37 2 16 2 27 30 61 27 37 
50 28 38 1 54 1 31 17 38 3 17 3 28 31 
4 15 32 53 15 39 2 57 2 32 18 39 4 18 
40 5 19 5 16 33 56 16 40 3 60 3 33 19 
4 34 20 41 6 20 6 17 34 59 17 41 4 63 
42 5 52 5 35 21 42 7 21 7 18 35 62 18 
29 51 19 43 6 55 6 29 22 43 8 22 8 19 
23 9 20 30 54 20 44 7 58 7 30 23 44 9 
24 45 10 24 10 21 31 57 21 45 8 61 8 31 
50 9 32 25 46 11 25 11 22 32 60 22 46 9 
23 47 10 53 10 33 26 47 12 26 12 23 33 63 
24 34 52 24 48 11 56 11 34 27 48 13 27 13 
14 28 14 25 35 55 25 49 12 59 12 35 28 49 

The value of m is: 14
The value of p is: 3
The side lengths of 2 * 2 tiles are: {2, 3, 7}
The value of arr is: {3, 1}
The column indices of 1 * 2 tiles are: {3i+2, 3i+12} for 0<=i<=m-1.
29 15 36 1 15 1 26 29 58 26 60 13 36 13 
14 37 14 30 16 37 2 16 2 27 30 61 27 63 
50 28 52 1 38 1 31 17 38 3 17 3 28 31 
4 15 32 53 15 55 2 39 2 32 18 39 4 18 
40 5 19 5 16 33 56 16 58 3 40 3 33 19 
4 34 20 41 6 20 6 17 34 59 17 61 4 41 
50 5 42 5 35 21 42 7 21 7 18 35 62 18 
29 51 19 53 6 43 6 29 22 43 8 22 8 19 
23 9 20 30 54 20 56 7 44 7 30 23 44 9 
24 45 10 24 10 21 31 57 21 59 8 45 8 31 
46 9 32 25 46 11 25 11 22 32 60 22 62 9 
23 51 10 47 10 33 26 47 12 26 12 23 33 63 
24 34 52 24 54 11 48 11 34 27 48 13 27 13 
14 28 14 25 35 55 25 57 12 49 12 35 28 49 

The value of m is: 14
The value of p is: 3
The side lengths of 2 * 2 tiles are: {2, 3, 7}
The value of arr is: {1, 5}
The column indices of 1 * 2 tiles are: {3i+2, 3i+12} for 0<=i<=m-1.
29 1 36 1 54 15 56 29 15 13 26 13 36 26 
14 37 27 30 2 37 2 57 16 59 30 16 14 27 
17 1 28 1 38 28 31 3 38 3 60 17 62 31 
18 51 32 18 2 15 2 39 15 32 4 39 4 63 
40 5 52 19 54 33 19 3 16 3 40 16 33 5 
17 34 6 41 6 55 20 57 34 20 4 17 4 41 
18 5 42 18 35 7 42 7 58 21 60 35 21 5 
29 22 6 19 6 43 19 29 8 43 8 61 22 63 
50 23 52 30 23 7 20 7 44 20 30 9 44 9 
10 45 10 53 24 55 31 24 8 21 8 45 21 31 
46 22 32 11 46 11 56 25 58 32 25 9 22 9 
10 23 10 47 23 33 12 47 12 59 26 61 33 26 
50 34 27 11 24 11 48 24 34 13 48 13 62 27 
14 51 28 53 35 28 12 25 12 49 25 35 14 49 

The value of m is: 14
The value of p is: 3
The side lengths of 2 * 2 tiles are: {2, 3, 7}
The value of arr is: {1, 5}
The column indices of 1 * 2 tiles are: {3i+4, 3i+12} for 0<=i<=m-1.
29 1 52 1 36 15 56 29 15 13 26 13 36 26 
14 37 27 30 2 55 2 37 16 59 30 16 14 27 
17 1 28 1 38 28 31 3 58 3 38 17 62 31 
18 51 32 18 2 15 2 39 15 32 4 61 4 39 
50 5 40 19 54 33 19 3 16 3 40 16 33 5 
17 34 6 53 6 41 20 57 34 20 4 17 4 41 
18 5 42 18 35 7 56 7 42 21 60 35 21 5 
29 22 6 19 6 43 19 29 8 59 8 43 22 63 
44 23 52 30 23 7 20 7 44 20 30 9 62 9 
10 51 10 45 24 55 31 24 8 21 8 45 21 31 
46 22 32 11 54 11 46 25 58 32 25 9 22 9 
10 23 10 47 23 33 12 57 12 47 26 61 33 26 
50 34 27 11 24 11 48 24 34 13 60 13 48 27 
14 49 28 53 35 28 12 25 12 49 25 35 14 63 

The value of m is: 14
The value of p is: 3
