The value of m is: 18
The value of p is: 5
The side lengths of 2 * 2 tiles are: {1, 2, 4, 9}
The value of arr is: {1, 3, 6}
The column indices of 1 * 2 tiles are: {5i+7, 5i+12} for 0<=i<=m-1.
55 1 1 19 51 19 37 64 51 55 37 35 64 35 18 18 98 99 
36 1 1 85 86 56 2 2 20 52 20 38 65 52 56 38 36 65 
53 57 39 19 66 19 2 2 90 91 57 3 3 21 53 21 39 66 
22 54 22 40 67 54 58 40 20 67 20 3 3 95 96 58 4 4 
82 83 59 5 5 23 37 23 41 68 37 59 41 21 68 21 4 4 
22 69 22 5 5 87 88 60 6 6 24 38 24 42 69 38 60 42 
43 70 39 61 43 23 70 23 6 6 92 93 61 7 7 25 39 25 
8 8 26 40 26 44 71 40 62 44 24 71 24 7 7 97 98 62 
8 8 84 85 63 9 9 27 41 27 45 72 41 63 45 25 72 25 
55 46 26 73 26 9 9 89 90 55 10 10 28 42 28 46 73 42 
43 29 47 74 43 56 47 27 74 27 10 10 94 95 56 11 11 29 
82 57 12 12 30 44 30 48 75 44 57 48 28 75 28 11 11 99 
76 29 12 12 86 87 58 13 13 31 45 31 49 76 45 58 49 29 
77 46 59 50 30 77 30 13 13 91 92 59 14 14 32 46 32 50 
15 33 47 33 51 78 47 60 51 31 78 31 14 14 96 97 60 15 
15 83 84 61 16 16 34 48 34 52 79 48 61 52 32 79 32 15 
53 33 80 33 16 16 88 89 62 17 17 35 49 35 53 80 49 62 
36 54 81 50 63 54 34 81 34 17 17 93 94 63 18 18 36 50 

The value of m is: 18
The value of p is: 5
The side lengths of 2 * 2 tiles are: {1, 2, 4, 9}
The value of arr is: {1, 3, 6}
The column indices of 1 * 2 tiles are: {5i+7, 5i+17} for 0<=i<=m-1.
55 1 1 19 51 19 37 64 51 55 37 35 94 35 18 18 98 64 
36 1 1 85 65 56 2 2 20 52 20 38 65 52 56 38 36 99 
53 57 39 19 86 19 2 2 90 66 57 3 3 21 53 21 39 66 
22 54 22 40 67 54 58 40 20 91 20 3 3 95 67 58 4 4 
82 68 59 5 5 23 37 23 41 68 37 59 41 21 96 21 4 4 
22 83 22 5 5 87 69 60 6 6 24 38 24 42 69 38 60 42 
43 70 39 61 43 23 88 23 6 6 92 70 61 7 7 25 39 25 
8 8 26 40 26 44 71 40 62 44 24 93 24 7 7 97 71 62 
8 8 84 72 63 9 9 27 41 27 45 72 41 63 45 25 98 25 
55 46 26 85 26 9 9 89 73 55 10 10 28 42 28 46 73 42 
43 29 47 74 43 56 47 27 90 27 10 10 94 74 56 11 11 29 
75 57 12 12 30 44 30 48 75 44 57 48 28 95 28 11 11 99 
82 29 12 12 86 76 58 13 13 31 45 31 49 76 45 58 49 29 
77 46 59 50 30 87 30 13 13 91 77 59 14 14 32 46 32 50 
15 33 47 33 51 78 47 60 51 31 92 31 14 14 96 78 60 15 
15 83 79 61 16 16 34 48 34 52 79 48 61 52 32 97 32 15 
53 33 84 33 16 16 88 80 62 17 17 35 49 35 53 80 49 62 
36 54 81 50 63 54 34 89 34 17 17 93 81 63 18 18 36 50 

The value of m is: 18
The value of p is: 5
The side lengths of 2 * 2 tiles are: {1, 2, 4, 9}
The value of arr is: {1, 3, 8}
The column indices of 1 * 2 tiles are: {5i+4, 5i+7} for 0<=i<=m-1.
55 1 1 19 64 19 51 64 37 55 51 35 37 35 18 18 98 99 
36 1 1 85 86 56 2 2 20 65 20 52 65 38 56 52 36 38 
39 57 53 19 39 19 2 2 90 91 57 3 3 21 66 21 53 66 
22 67 22 54 67 40 58 54 20 40 20 3 3 95 96 58 4 4 
82 83 59 5 5 23 68 23 37 68 41 59 37 21 41 21 4 4 
22 42 22 5 5 87 88 60 6 6 24 69 24 38 69 42 60 38 
39 70 43 61 39 23 43 23 6 6 92 93 61 7 7 25 70 25 
8 8 26 71 26 40 71 44 62 40 24 44 24 7 7 97 98 62 
8 8 84 85 63 9 9 27 72 27 41 72 45 63 41 25 45 25 
55 42 26 46 26 9 9 89 90 55 10 10 28 73 28 42 73 46 
74 29 43 74 47 56 43 27 47 27 10 10 94 95 56 11 11 29 
82 57 12 12 30 75 30 44 75 48 57 44 28 48 28 11 11 99 
49 29 12 12 86 87 58 13 13 31 76 31 45 76 49 58 45 29 
77 50 59 46 30 50 30 13 13 91 92 59 14 14 32 77 32 46 
15 33 78 33 47 78 51 60 47 31 51 31 14 14 96 97 60 15 
15 83 84 61 16 16 34 79 34 48 79 52 61 48 32 52 32 15 
49 33 53 33 16 16 88 89 62 17 17 35 80 35 49 80 53 62 
36 50 81 54 63 50 34 54 34 17 17 93 94 63 18 18 36 81 

The value of m is: 18
The value of p is: 5
The side lengths of 2 * 2 tiles are: {1, 2, 4, 9}
The value of arr is: {1, 3, 8}
The column indices of 1 * 2 tiles are: {5i+7, 5i+17} for 0<=i<=m-1.
55 1 1 19 86 19 51 64 37 55 51 35 37 35 18 18 98 64 
36 1 1 85 65 56 2 2 20 91 20 52 65 38 56 52 36 38 
39 57 53 19 39 19 2 2 90 66 57 3 3 21 96 21 53 66 
22 83 22 54 67 40 58 54 20 40 20 3 3 95 67 58 4 4 
82 68 59 5 5 23 88 23 37 68 41 59 37 21 41 21 4 4 
22 42 22 5 5 87 69 60 6 6 24 93 24 38 69 42 60 38 
39 70 43 61 39 23 43 23 6 6 92 70 61 7 7 25 98 25 
8 8 26 85 26 40 71 44 62 40 24 44 24 7 7 97 71 62 
8 8 84 72 63 9 9 27 90 27 41 72 45 63 41 25 45 25 
55 42 26 46 26 9 9 89 73 55 10 10 28 95 28 42 73 46 
82 29 43 74 47 56 43 27 47 27 10 10 94 74 56 11 11 29 
75 57 12 12 30 87 30 44 75 48 57 44 28 48 28 11 11 99 
49 29 12 12 86 76 58 13 13 31 92 31 45 76 49 58 45 29 
77 50 59 46 30 50 30 13 13 91 77 59 14 14 32 97 32 46 
15 33 84 33 47 78 51 60 47 31 51 31 14 14 96 78 60 15 
15 83 79 61 16 16 34 89 34 48 79 52 61 48 32 52 32 15 
49 33 53 33 16 16 88 80 62 17 17 35 94 35 49 80 53 62 
36 50 81 54 63 50 34 54 34 17 17 93 81 63 18 18 36 99 

The value of m is: 18
The value of p is: 5
The side lengths of 2 * 2 tiles are: {1, 2, 4, 9}
The value of arr is: {15, 4, 1}
The column indices of 1 * 2 tiles are: {5i+2, 5i+8} for 0<=i<=m-1.
55 37 64 51 19 37 19 89 64 55 18 18 35 95 35 1 1 51 
82 36 2 2 52 56 38 65 52 20 38 20 94 65 56 1 1 36 
66 57 2 2 19 87 19 3 3 53 57 39 66 53 21 39 21 99 
54 22 40 22 86 67 58 3 3 20 92 20 4 4 54 58 40 67 
5 37 59 41 68 37 23 41 23 91 68 59 4 4 21 97 21 5 
5 22 84 22 6 6 38 60 42 69 38 24 42 24 96 69 60 5 
25 83 70 61 6 6 23 89 23 7 7 39 61 43 70 39 25 43 
44 71 40 26 44 26 88 71 62 7 7 24 94 24 8 8 40 62 
25 9 9 41 63 45 72 41 27 45 27 93 72 63 8 8 25 99 
55 9 9 26 86 26 10 10 42 55 46 73 42 28 46 28 98 73 
29 47 29 85 74 56 10 10 27 91 27 11 11 43 56 47 74 43 
44 57 48 75 44 30 48 30 90 75 57 11 11 28 96 28 12 12 
29 83 29 13 13 45 58 49 76 45 31 49 31 95 76 58 12 12 
82 77 59 13 13 30 88 30 14 14 46 59 50 77 46 32 50 32 
78 47 33 51 33 87 78 60 14 14 31 93 31 15 15 47 60 51 
16 16 48 61 52 79 48 34 52 34 92 79 61 15 15 32 98 32 
16 16 33 85 33 17 17 49 62 53 80 49 35 53 35 97 80 62 
54 36 84 81 63 17 17 34 90 34 18 18 50 63 54 81 50 36 

The value of m is: 18
The value of p is: 5
The side lengths of 2 * 2 tiles are: {1, 2, 4, 9}
The value of arr is: {15, 4, 1}
The column indices of 1 * 2 tiles are: {5i+2, 5i+13} for 0<=i<=m-1.
55 37 64 51 19 37 19 89 90 55 18 18 35 64 35 1 1 51 
65 36 2 2 52 56 38 65 52 20 38 20 94 95 56 1 1 36 
82 57 2 2 19 66 19 3 3 53 57 39 66 53 21 39 21 99 
54 22 40 22 86 87 58 3 3 20 67 20 4 4 54 58 40 67 
5 37 59 41 68 37 23 41 23 91 92 59 4 4 21 68 21 5 
5 22 69 22 6 6 38 60 42 69 38 24 42 24 96 97 60 5 
25 83 84 61 6 6 23 70 23 7 7 39 61 43 70 39 25 43 
44 71 40 26 44 26 88 89 62 7 7 24 71 24 8 8 40 62 
25 9 9 41 63 45 72 41 27 45 27 93 94 63 8 8 25 72 
55 9 9 26 73 26 10 10 42 55 46 73 42 28 46 28 98 99 
29 47 29 85 86 56 10 10 27 74 27 11 11 43 56 47 74 43 
44 57 48 75 44 30 48 30 90 91 57 11 11 28 75 28 12 12 
29 76 29 13 13 45 58 49 76 45 31 49 31 95 96 58 12 12 
82 83 59 13 13 30 77 30 14 14 46 59 50 77 46 32 50 32 
78 47 33 51 33 87 88 60 14 14 31 78 31 15 15 47 60 51 
16 16 48 61 52 79 48 34 52 34 92 93 61 15 15 32 79 32 
16 16 33 80 33 17 17 49 62 53 80 49 35 53 35 97 98 62 
54 36 84 85 63 17 17 34 81 34 18 18 50 63 54 81 50 36 

The value of m is: 18
The value of p is: 5
The side lengths of 2 * 2 tiles are: {1, 2, 4, 9}
The value of arr is: {15, 4, 1}
The column indices of 1 * 2 tiles are: {5i+7, 5i+13} for 0<=i<=m-1.
55 37 84 51 19 37 19 64 90 55 18 18 35 64 35 1 1 51 
65 36 2 2 52 56 38 89 52 20 38 20 65 95 56 1 1 36 
82 57 2 2 19 66 19 3 3 53 57 39 94 53 21 39 21 66 
54 22 40 22 67 87 58 3 3 20 67 20 4 4 54 58 40 99 
5 37 59 41 86 37 23 41 23 68 92 59 4 4 21 68 21 5 
5 22 69 22 6 6 38 60 42 91 38 24 42 24 69 97 60 5 
25 70 84 61 6 6 23 70 23 7 7 39 61 43 96 39 25 43 
44 83 40 26 44 26 71 89 62 7 7 24 71 24 8 8 40 62 
25 9 9 41 63 45 88 41 27 45 27 72 94 63 8 8 25 72 
55 9 9 26 73 26 10 10 42 55 46 93 42 28 46 28 73 99 
29 47 29 74 86 56 10 10 27 74 27 11 11 43 56 47 98 43 
44 57 48 85 44 30 48 30 75 91 57 11 11 28 75 28 12 12 
29 76 29 13 13 45 58 49 90 45 31 49 31 76 96 58 12 12 
77 83 59 13 13 30 77 30 14 14 46 59 50 95 46 32 50 32 
82 47 33 51 33 78 88 60 14 14 31 78 31 15 15 47 60 51 
16 16 48 61 52 87 48 34 52 34 79 93 61 15 15 32 79 32 
16 16 33 80 33 17 17 49 62 53 92 49 35 53 35 80 98 62 
54 36 81 85 63 17 17 34 81 34 18 18 50 63 54 97 50 36 

The value of m is: 18
The value of p is: 5
The side lengths of 2 * 2 tiles are: {1, 2, 4, 9}
The value of arr is: {12, 14, 1}
The column indices of 1 * 2 tiles are: {5i+2, 5i+10} for 0<=i<=m-1.
55 37 64 51 35 37 35 18 18 55 64 93 1 1 19 97 19 51 
2 20 84 20 52 56 38 65 52 36 38 36 1 1 56 65 98 2 
2 57 66 85 3 3 21 89 21 53 57 39 66 53 19 39 19 2 
54 20 40 20 3 3 58 67 90 4 4 22 94 22 54 58 40 67 
23 37 59 41 68 37 21 41 21 4 4 59 68 95 5 5 23 99 
82 6 6 24 86 24 38 60 42 69 38 22 42 22 5 5 60 69 
23 6 6 61 70 87 7 7 25 91 25 39 61 43 70 39 23 43 
44 71 40 24 44 24 7 7 62 71 92 8 8 26 96 26 40 62 
27 83 27 41 63 45 72 41 25 45 25 8 8 63 72 97 9 9 
55 73 84 10 10 28 88 28 42 55 46 73 42 26 46 26 9 9 
27 47 27 10 10 56 74 89 11 11 29 93 29 43 56 47 74 43 
44 57 48 75 44 28 48 28 11 11 57 75 94 12 12 30 98 30 
13 13 31 85 31 45 58 49 76 45 29 49 29 12 12 58 76 99 
13 13 59 77 86 14 14 32 90 32 46 59 50 77 46 30 50 30 
78 47 31 51 31 14 14 60 78 91 15 15 33 95 33 47 60 51 
82 34 48 61 52 79 48 32 52 32 15 15 61 79 96 16 16 34 
80 83 17 17 35 87 35 49 62 53 80 49 33 53 33 16 16 62 
54 34 17 17 63 81 88 18 18 36 92 36 50 63 54 81 50 34 

The value of m is: 18
The value of p is: 5
The side lengths of 2 * 2 tiles are: {1, 2, 4, 9}
The value of arr is: {12, 14, 1}
The column indices of 1 * 2 tiles are: {5i+2, 5i+15} for 0<=i<=m-1.
55 37 64 51 35 37 35 18 18 55 92 93 1 1 19 64 19 51 
2 20 65 20 52 56 38 65 52 36 38 36 1 1 56 97 98 2 
2 57 84 85 3 3 21 66 21 53 57 39 66 53 19 39 19 2 
54 20 40 20 3 3 58 89 90 4 4 22 67 22 54 58 40 67 
23 37 59 41 68 37 21 41 21 4 4 59 94 95 5 5 23 68 
82 6 6 24 69 24 38 60 42 69 38 22 42 22 5 5 60 99 
23 6 6 61 86 87 7 7 25 70 25 39 61 43 70 39 23 43 
44 71 40 24 44 24 7 7 62 91 92 8 8 26 71 26 40 62 
27 72 27 41 63 45 72 41 25 45 25 8 8 63 96 97 9 9 
55 83 84 10 10 28 73 28 42 55 46 73 42 26 46 26 9 9 
27 47 27 10 10 56 88 89 11 11 29 74 29 43 56 47 74 43 
44 57 48 75 44 28 48 28 11 11 57 93 94 12 12 30 75 30 
13 13 31 76 31 45 58 49 76 45 29 49 29 12 12 58 98 99 
13 13 59 85 86 14 14 32 77 32 46 59 50 77 46 30 50 30 
78 47 31 51 31 14 14 60 90 91 15 15 33 78 33 47 60 51 
79 34 48 61 52 79 48 32 52 32 15 15 61 95 96 16 16 34 
82 83 17 17 35 80 35 49 62 53 80 49 33 53 33 16 16 62 
54 34 17 17 63 87 88 18 18 36 81 36 50 63 54 81 50 34 

The value of m is: 18
The value of p is: 5
The side lengths of 2 * 2 tiles are: {1, 2, 4, 9}
The value of arr is: {15, 12, 1}
The column indices of 1 * 2 tiles are: {5i+6, 5i+13} for 0<=i<=m-1.
55 37 35 51 35 37 64 89 90 55 18 18 19 64 19 1 1 51 
65 20 2 2 52 56 38 36 52 36 38 65 94 95 56 1 1 20 
82 57 2 2 21 66 21 3 3 53 57 39 19 53 19 39 66 99 
54 20 40 67 86 87 58 3 3 22 67 22 4 4 54 58 40 20 
5 37 59 41 21 37 21 41 68 91 92 59 4 4 23 68 23 5 
5 24 69 24 6 6 38 60 42 22 38 22 42 69 96 97 60 5 
70 83 84 61 6 6 25 70 25 7 7 39 61 43 23 39 23 43 
44 24 40 24 44 71 88 89 62 7 7 26 71 26 8 8 40 62 
27 9 9 41 63 45 25 41 25 45 72 93 94 63 8 8 27 72 
55 9 9 28 73 28 10 10 42 55 46 26 42 26 46 73 98 99 
27 47 74 85 86 56 10 10 29 74 29 11 11 43 56 47 27 43 
44 57 48 28 44 28 48 75 90 91 57 11 11 30 75 30 12 12 
31 76 31 13 13 45 58 49 29 45 29 49 76 95 96 58 12 12 
82 83 59 13 13 32 77 32 14 14 46 59 50 30 46 30 50 77 
31 47 31 51 78 87 88 60 14 14 33 78 33 15 15 47 60 51 
16 16 48 61 52 32 48 32 52 79 92 93 61 15 15 34 79 34 
16 16 35 80 35 17 17 49 62 53 33 49 33 53 80 97 98 62 
54 81 84 85 63 17 17 36 81 36 18 18 50 63 54 34 50 34 

The value of m is: 18
The value of p is: 5
The side lengths of 2 * 2 tiles are: {1, 2, 4, 9}
The value of arr is: {15, 12, 1}
The column indices of 1 * 2 tiles are: {5i+8, 5i+13} for 0<=i<=m-1.
55 37 35 51 35 37 88 89 64 55 18 18 19 64 19 1 1 51 
65 20 2 2 52 56 38 36 52 36 38 93 94 65 56 1 1 20 
66 57 2 2 21 66 21 3 3 53 57 39 19 53 19 39 98 99 
54 20 40 85 86 67 58 3 3 22 67 22 4 4 54 58 40 20 
5 37 59 41 21 37 21 41 90 91 68 59 4 4 23 68 23 5 
5 24 69 24 6 6 38 60 42 22 38 22 42 95 96 69 60 5 
82 83 70 61 6 6 25 70 25 7 7 39 61 43 23 39 23 43 
44 24 40 24 44 87 88 71 62 7 7 26 71 26 8 8 40 62 
27 9 9 41 63 45 25 41 25 45 92 93 72 63 8 8 27 72 
55 9 9 28 73 28 10 10 42 55 46 26 42 26 46 97 98 73 
27 47 84 85 74 56 10 10 29 74 29 11 11 43 56 47 27 43 
44 57 48 28 44 28 48 89 90 75 57 11 11 30 75 30 12 12 
31 76 31 13 13 45 58 49 29 45 29 49 94 95 76 58 12 12 
82 77 59 13 13 32 77 32 14 14 46 59 50 30 46 30 50 99 
31 47 31 51 86 87 78 60 14 14 33 78 33 15 15 47 60 51 
16 16 48 61 52 32 48 32 52 91 92 79 61 15 15 34 79 34 
16 16 35 80 35 17 17 49 62 53 33 49 33 53 96 97 80 62 
54 83 84 81 63 17 17 36 81 36 18 18 50 63 54 34 50 34 

The value of m is: 18
The value of p is: 5
The side lengths of 2 * 2 tiles are: {1, 2, 4, 9}
The value of arr is: {15, 4, 3}
The column indices of 1 * 2 tiles are: {5i+2, 5i+8} for 0<=i<=m-1.
55 51 64 37 19 51 19 37 64 55 18 18 35 95 35 1 1 99 
82 36 2 2 86 56 52 65 38 20 52 20 38 65 56 1 1 36 
66 57 2 2 19 87 19 3 3 91 57 53 66 39 21 53 21 39 
40 22 54 22 40 67 58 3 3 20 92 20 4 4 96 58 54 67 
5 83 59 37 68 41 23 37 23 41 68 59 4 4 21 97 21 5 
5 22 84 22 6 6 88 60 38 69 42 24 38 24 42 69 60 5 
25 43 70 61 6 6 23 89 23 7 7 93 61 39 70 43 25 39 
40 71 44 26 40 26 44 71 62 7 7 24 94 24 8 8 98 62 
25 9 9 85 63 41 72 45 27 41 27 45 72 63 8 8 25 99 
55 9 9 26 86 26 10 10 90 55 42 73 46 28 42 28 46 73 
29 43 29 47 74 56 10 10 27 91 27 11 11 95 56 43 74 47 
82 57 44 75 48 30 44 30 48 75 57 11 11 28 96 28 12 12 
29 83 29 13 13 87 58 45 76 49 31 45 31 49 76 58 12 12 
50 77 59 13 13 30 88 30 14 14 92 59 46 77 50 32 46 32 
78 51 33 47 33 51 78 60 14 14 31 93 31 15 15 97 60 47 
16 16 84 61 48 79 52 34 48 34 52 79 61 15 15 32 98 32 
16 16 33 85 33 17 17 89 62 49 80 53 35 49 35 53 80 62 
50 36 54 81 63 17 17 34 90 34 18 18 94 63 50 81 54 36 

The value of m is: 18
The value of p is: 5
The side lengths of 2 * 2 tiles are: {1, 2, 4, 9}
The value of arr is: {15, 4, 3}
The column indices of 1 * 2 tiles are: {5i+8, 5i+13} for 0<=i<=m-1.
55 51 84 37 19 51 19 37 64 55 18 18 35 64 35 1 1 99 
65 36 2 2 86 56 52 89 38 20 52 20 38 65 56 1 1 36 
66 57 2 2 19 66 19 3 3 91 57 53 94 39 21 53 21 39 
40 22 54 22 40 67 58 3 3 20 67 20 4 4 96 58 54 99 
5 83 59 37 86 41 23 37 23 41 68 59 4 4 21 68 21 5 
5 22 69 22 6 6 88 60 38 91 42 24 38 24 42 69 60 5 
25 43 70 61 6 6 23 70 23 7 7 93 61 39 96 43 25 39 
40 83 44 26 40 26 44 71 62 7 7 24 71 24 8 8 98 62 
25 9 9 85 63 41 88 45 27 41 27 45 72 63 8 8 25 72 
55 9 9 26 73 26 10 10 90 55 42 93 46 28 42 28 46 73 
29 43 29 47 74 56 10 10 27 74 27 11 11 95 56 43 98 47 
82 57 44 85 48 30 44 30 48 75 57 11 11 28 75 28 12 12 
29 76 29 13 13 87 58 45 90 49 31 45 31 49 76 58 12 12 
50 77 59 13 13 30 77 30 14 14 92 59 46 95 50 32 46 32 
82 51 33 47 33 51 78 60 14 14 31 78 31 15 15 97 60 47 
16 16 84 61 48 87 52 34 48 34 52 79 61 15 15 32 79 32 
16 16 33 80 33 17 17 89 62 49 92 53 35 49 35 53 80 62 
50 36 54 81 63 17 17 34 81 34 18 18 94 63 50 97 54 36 

The value of m is: 18
The value of p is: 5
The side lengths of 2 * 2 tiles are: {1, 2, 4, 9}
The value of arr is: {3, 5, 8}
The column indices of 1 * 2 tiles are: {5i+1, 5i+11} for 0<=i<=m-1.
55 64 84 1 1 19 51 19 37 55 51 64 37 35 96 35 18 18 
36 83 36 1 1 56 65 89 2 2 20 52 20 38 56 52 65 38 
39 57 53 66 39 19 88 19 2 2 57 66 94 3 3 21 53 21 
4 4 22 54 22 40 58 54 67 40 20 93 20 3 3 58 67 99 
4 4 59 68 86 5 5 23 37 23 41 59 37 68 41 21 98 21 
69 42 22 85 22 5 5 60 69 91 6 6 24 38 24 42 60 38 
39 25 43 61 39 70 43 23 90 23 6 6 61 70 96 7 7 25 
71 83 8 8 26 40 26 44 62 40 71 44 24 95 24 7 7 62 
82 25 8 8 63 72 88 9 9 27 41 27 45 63 41 72 45 25 
55 42 73 46 26 87 26 9 9 55 73 93 10 10 28 42 28 46 
11 29 43 29 47 56 43 74 47 27 92 27 10 10 56 74 98 11 
11 57 75 85 12 12 30 44 30 48 57 44 75 48 28 97 28 11 
49 29 84 29 12 12 58 76 90 13 13 31 45 31 49 58 45 76 
32 50 59 46 77 50 30 89 30 13 13 59 77 95 14 14 32 46 
82 15 15 33 47 33 51 60 47 78 51 31 94 31 14 14 60 78 
32 15 15 61 79 87 16 16 34 48 34 52 61 48 79 52 32 99 
49 80 53 33 86 33 16 16 62 80 92 17 17 35 49 35 53 62 
36 50 36 54 63 50 81 54 34 91 34 17 17 63 81 97 18 18 

The value of m is: 18
The value of p is: 5
The side lengths of 2 * 2 tiles are: {1, 2, 4, 9}
The value of arr is: {3, 5, 8}
The column indices of 1 * 2 tiles are: {5i+11, 5i+14} for 0<=i<=m-1.
55 83 84 1 1 19 51 19 37 55 51 64 37 35 64 35 18 18 
36 65 36 1 1 56 88 89 2 2 20 52 20 38 56 52 65 38 
39 57 53 66 39 19 66 19 2 2 57 93 94 3 3 21 53 21 
4 4 22 54 22 40 58 54 67 40 20 67 20 3 3 58 98 99 
4 4 59 85 86 5 5 23 37 23 41 59 37 68 41 21 68 21 
69 42 22 69 22 5 5 60 90 91 6 6 24 38 24 42 60 38 
39 25 43 61 39 70 43 23 70 23 6 6 61 95 96 7 7 25 
82 83 8 8 26 40 26 44 62 40 71 44 24 71 24 7 7 62 
72 25 8 8 63 87 88 9 9 27 41 27 45 63 41 72 45 25 
55 42 73 46 26 73 26 9 9 55 92 93 10 10 28 42 28 46 
11 29 43 29 47 56 43 74 47 27 74 27 10 10 56 97 98 11 
11 57 84 85 12 12 30 44 30 48 57 44 75 48 28 75 28 11 
49 29 76 29 12 12 58 89 90 13 13 31 45 31 49 58 45 76 
32 50 59 46 77 50 30 77 30 13 13 59 94 95 14 14 32 46 
82 15 15 33 47 33 51 60 47 78 51 31 78 31 14 14 60 99 
32 15 15 61 86 87 16 16 34 48 34 52 61 48 79 52 32 79 
49 80 53 33 80 33 16 16 62 91 92 17 17 35 49 35 53 62 
36 50 36 54 63 50 81 54 34 81 34 17 17 63 96 97 18 18 

The value of m is: 18
The value of p is: 5
The side lengths of 2 * 2 tiles are: {1, 2, 4, 9}
The value of arr is: {3, 5, 10}
The column indices of 1 * 2 tiles are: {5i+1, 5i+11} for 0<=i<=m-1.
55 64 84 1 1 19 88 19 51 55 37 64 51 35 37 35 18 18 
36 38 36 1 1 56 65 89 2 2 20 93 20 52 56 38 65 52 
53 57 39 66 53 19 39 19 2 2 57 66 94 3 3 21 98 21 
4 4 22 85 22 54 58 40 67 54 20 40 20 3 3 58 67 99 
4 4 59 68 86 5 5 23 90 23 37 59 41 68 37 21 41 21 
69 38 22 42 22 5 5 60 69 91 6 6 24 95 24 38 60 42 
82 25 39 61 43 70 39 23 43 23 6 6 61 70 96 7 7 25 
71 83 8 8 26 87 26 40 62 44 71 40 24 44 24 7 7 62 
45 25 8 8 63 72 88 9 9 27 92 27 41 63 45 72 41 25 
55 46 73 42 26 46 26 9 9 55 73 93 10 10 28 97 28 42 
11 29 84 29 43 56 47 74 43 27 47 27 10 10 56 74 98 11 
11 57 75 85 12 12 30 89 30 44 57 48 75 44 28 48 28 11 
45 29 49 29 12 12 58 76 90 13 13 31 94 31 45 58 49 76 
32 46 59 50 77 46 30 50 30 13 13 59 77 95 14 14 32 99 
82 15 15 33 86 33 47 60 51 78 47 31 51 31 14 14 60 78 
32 15 15 61 79 87 16 16 34 91 34 48 61 52 79 48 32 52 
53 80 49 33 53 33 16 16 62 80 92 17 17 35 96 35 49 62 
36 83 36 50 63 54 81 50 34 54 34 17 17 63 81 97 18 18 

The value of m is: 18
The value of p is: 5
The side lengths of 2 * 2 tiles are: {1, 2, 4, 9}
The value of arr is: {3, 5, 10}
The column indices of 1 * 2 tiles are: {5i+6, 5i+11} for 0<=i<=m-1.
55 83 84 1 1 19 64 19 51 55 37 64 51 35 37 35 18 18 
36 38 36 1 1 56 88 89 2 2 20 65 20 52 56 38 65 52 
53 57 39 66 53 19 39 19 2 2 57 93 94 3 3 21 66 21 
4 4 22 67 22 54 58 40 67 54 20 40 20 3 3 58 98 99 
4 4 59 85 86 5 5 23 68 23 37 59 41 68 37 21 41 21 
69 38 22 42 22 5 5 60 90 91 6 6 24 69 24 38 60 42 
70 25 39 61 43 70 39 23 43 23 6 6 61 95 96 7 7 25 
82 83 8 8 26 71 26 40 62 44 71 40 24 44 24 7 7 62 
45 25 8 8 63 87 88 9 9 27 72 27 41 63 45 72 41 25 
55 46 73 42 26 46 26 9 9 55 92 93 10 10 28 73 28 42 
11 29 74 29 43 56 47 74 43 27 47 27 10 10 56 97 98 11 
11 57 84 85 12 12 30 75 30 44 57 48 75 44 28 48 28 11 
45 29 49 29 12 12 58 89 90 13 13 31 76 31 45 58 49 76 
32 46 59 50 77 46 30 50 30 13 13 59 94 95 14 14 32 77 
82 15 15 33 78 33 47 60 51 78 47 31 51 31 14 14 60 99 
32 15 15 61 86 87 16 16 34 79 34 48 61 52 79 48 32 52 
53 80 49 33 53 33 16 16 62 91 92 17 17 35 80 35 49 62 
36 81 36 50 63 54 81 50 34 54 34 17 17 63 96 97 18 18 

The value of m is: 18
The value of p is: 5
The side lengths of 2 * 2 tiles are: {1, 2, 4, 9}
The value of arr is: {6, 3, 10}
The column indices of 1 * 2 tiles are: {5i+4, 5i+15} for 0<=i<=m-1.
55 18 18 19 64 19 1 1 51 55 37 35 51 35 37 64 98 99 
36 38 65 85 86 56 1 1 20 65 20 2 2 52 56 38 36 52 
53 57 39 19 53 19 39 66 90 91 57 2 2 21 66 21 3 3 
22 67 22 4 4 54 58 40 20 54 20 40 67 95 96 58 3 3 
82 83 59 4 4 23 68 23 5 5 37 59 41 21 37 21 41 68 
22 38 22 42 69 87 88 60 5 5 24 69 24 6 6 38 60 42 
7 7 39 61 43 23 39 23 43 70 92 93 61 6 6 25 70 25 
7 7 26 71 26 8 8 40 62 44 24 40 24 44 71 97 98 62 
45 72 84 85 63 8 8 27 72 27 9 9 41 63 45 25 41 25 
55 46 26 42 26 46 73 89 90 55 9 9 28 73 28 10 10 42 
74 29 11 11 43 56 47 27 43 27 47 74 94 95 56 10 10 29 
82 57 11 11 30 75 30 12 12 44 57 48 28 44 28 48 75 99 
45 29 49 76 86 87 58 12 12 31 76 31 13 13 45 58 49 29 
14 46 59 50 30 46 30 50 77 91 92 59 13 13 32 77 32 14 
14 33 78 33 15 15 47 60 51 31 47 31 51 78 96 97 60 14 
79 83 84 61 15 15 34 79 34 16 16 48 61 52 32 48 32 52 
53 33 49 33 53 80 88 89 62 16 16 35 80 35 17 17 49 62 
36 18 18 50 63 54 34 50 34 54 81 93 94 63 17 17 36 81 

The value of m is: 18
The value of p is: 5
The side lengths of 2 * 2 tiles are: {1, 2, 4, 9}
The value of arr is: {6, 3, 10}
The column indices of 1 * 2 tiles are: {5i+4, 5i+17} for 0<=i<=m-1.
55 18 18 19 64 19 1 1 51 55 37 35 51 35 37 97 98 64 
36 38 84 85 65 56 1 1 20 65 20 2 2 52 56 38 36 52 
53 57 39 19 53 19 39 89 90 66 57 2 2 21 66 21 3 3 
22 67 22 4 4 54 58 40 20 54 20 40 94 95 67 58 3 3 
82 68 59 4 4 23 68 23 5 5 37 59 41 21 37 21 41 99 
22 38 22 42 86 87 69 60 5 5 24 69 24 6 6 38 60 42 
7 7 39 61 43 23 39 23 43 91 92 70 61 6 6 25 70 25 
7 7 26 71 26 8 8 40 62 44 24 40 24 44 96 97 71 62 
45 83 84 72 63 8 8 27 72 27 9 9 41 63 45 25 41 25 
55 46 26 42 26 46 88 89 73 55 9 9 28 73 28 10 10 42 
74 29 11 11 43 56 47 27 43 27 47 93 94 74 56 10 10 29 
75 57 11 11 30 75 30 12 12 44 57 48 28 44 28 48 98 99 
45 29 49 85 86 76 58 12 12 31 76 31 13 13 45 58 49 29 
14 46 59 50 30 46 30 50 90 91 77 59 13 13 32 77 32 14 
14 33 78 33 15 15 47 60 51 31 47 31 51 95 96 78 60 14 
82 83 79 61 15 15 34 79 34 16 16 48 61 52 32 48 32 52 
53 33 49 33 53 87 88 80 62 16 16 35 80 35 17 17 49 62 
36 18 18 50 63 54 34 50 34 54 92 93 81 63 17 17 36 81 

The value of m is: 18
The value of p is: 5
The side lengths of 2 * 2 tiles are: {1, 2, 4, 9}
The value of arr is: {6, 3, 12}
The column indices of 1 * 2 tiles are: {5i+4, 5i+17} for 0<=i<=m-1.
55 18 18 19 64 19 1 1 90 55 51 35 37 35 51 97 37 64 
36 52 84 38 65 56 1 1 20 65 20 2 2 95 56 52 36 38 
82 57 53 19 39 19 53 89 39 66 57 2 2 21 66 21 3 3 
22 67 22 4 4 87 58 54 20 40 20 54 94 40 67 58 3 3 
41 68 59 4 4 23 68 23 5 5 92 59 37 21 41 21 37 99 
22 42 22 38 86 42 69 60 5 5 24 69 24 6 6 97 60 38 
7 7 84 61 39 23 43 23 39 91 43 70 61 6 6 25 70 25 
7 7 26 71 26 8 8 89 62 40 24 44 24 40 96 44 71 62 
41 83 45 72 63 8 8 27 72 27 9 9 94 63 41 25 45 25 
55 42 26 46 26 42 88 46 73 55 9 9 28 73 28 10 10 99 
74 29 11 11 86 56 43 27 47 27 43 93 47 74 56 10 10 29 
75 57 11 11 30 75 30 12 12 91 57 44 28 48 28 44 98 48 
49 29 45 85 49 76 58 12 12 31 76 31 13 13 96 58 45 29 
14 83 59 46 30 50 30 46 90 50 77 59 13 13 32 77 32 14 
14 33 78 33 15 15 88 60 47 31 51 31 47 95 51 78 60 14 
82 52 79 61 15 15 34 79 34 16 16 93 61 48 32 52 32 48 
49 33 53 33 49 87 53 80 62 16 16 35 80 35 17 17 98 62 
36 18 18 85 63 50 34 54 34 50 92 54 81 63 17 17 36 81 

The value of m is: 18
The value of p is: 5
The side lengths of 2 * 2 tiles are: {1, 2, 4, 9}
The value of arr is: {15, 12, 3}
The column indices of 1 * 2 tiles are: {5i+8, 5i+13} for 0<=i<=m-1.
55 51 35 37 35 51 88 37 64 55 18 18 19 64 19 1 1 99 
65 20 2 2 86 56 52 36 38 36 52 93 38 65 56 1 1 20 
66 57 2 2 21 66 21 3 3 91 57 53 19 39 19 53 98 39 
40 20 54 85 40 67 58 3 3 22 67 22 4 4 96 58 54 20 
5 83 59 37 21 41 21 37 90 41 68 59 4 4 23 68 23 5 
5 24 69 24 6 6 88 60 38 22 42 22 38 95 42 69 60 5 
82 43 70 61 6 6 25 70 25 7 7 93 61 39 23 43 23 39 
40 24 44 24 40 87 44 71 62 7 7 26 71 26 8 8 98 62 
27 9 9 85 63 41 25 45 25 41 92 45 72 63 8 8 27 72 
55 9 9 28 73 28 10 10 90 55 42 26 46 26 42 97 46 73 
27 43 84 47 74 56 10 10 29 74 29 11 11 95 56 43 27 47 
82 57 44 28 48 28 44 89 48 75 57 11 11 30 75 30 12 12 
31 76 31 13 13 87 58 45 29 49 29 45 94 49 76 58 12 12 
50 77 59 13 13 32 77 32 14 14 92 59 46 30 50 30 46 99 
31 51 31 47 86 51 78 60 14 14 33 78 33 15 15 97 60 47 
16 16 84 61 48 32 52 32 48 91 52 79 61 15 15 34 79 34 
16 16 35 80 35 17 17 89 62 49 33 53 33 49 96 53 80 62 
50 83 54 81 63 17 17 36 81 36 18 18 94 63 50 34 54 34 

The value of m is: 18
The value of p is: 5
The side lengths of 2 * 2 tiles are: {1, 2, 4, 9}
The value of arr is: {16, 5, 4}
The column indices of 1 * 2 tiles are: {5i+1, 5i+14} for 0<=i<=m-1.
55 64 51 85 37 19 51 19 37 55 92 18 18 35 64 35 1 1 
36 65 36 2 2 56 65 52 90 38 20 52 20 38 56 97 1 1 
39 57 84 2 2 19 66 19 3 3 57 66 53 95 39 21 53 21 
82 40 22 54 22 40 58 89 3 3 20 67 20 4 4 58 67 54 
5 5 59 68 37 87 41 23 37 23 41 59 94 4 4 21 68 21 
5 5 22 69 22 6 6 60 69 38 92 42 24 38 24 42 60 99 
39 25 43 61 86 6 6 23 70 23 7 7 61 70 39 97 43 25 
71 40 84 44 26 40 26 44 62 91 7 7 24 71 24 8 8 62 
72 25 9 9 63 72 41 89 45 27 41 27 45 63 96 8 8 25 
55 83 9 9 26 73 26 10 10 55 73 42 94 46 28 42 28 46 
47 29 43 29 47 56 88 10 10 27 74 27 11 11 56 74 43 99 
12 57 75 44 86 48 30 44 30 48 57 93 11 11 28 75 28 12 
12 29 76 29 13 13 58 76 45 91 49 31 45 31 49 58 98 12 
32 50 59 85 13 13 30 77 30 14 14 59 77 46 96 50 32 46 
47 83 51 33 47 33 51 60 90 14 14 31 78 31 15 15 60 78 
32 16 16 61 79 48 88 52 34 48 34 52 61 95 15 15 32 79 
82 16 16 33 80 33 17 17 62 80 49 93 53 35 49 35 53 62 
36 50 36 54 63 87 17 17 34 81 34 18 18 63 81 50 98 54 

The value of m is: 18
The value of p is: 5
The side lengths of 2 * 2 tiles are: {1, 2, 4, 9}
The value of arr is: {7, 4, 13}
The column indices of 1 * 2 tiles are: {5i+5, 5i+10} for 0<=i<=m-1.
55 83 18 18 19 64 19 1 1 55 64 51 35 37 35 51 98 37 
38 36 52 85 38 56 88 1 1 20 65 20 2 2 56 65 52 36 
3 57 66 53 19 39 19 53 90 39 57 93 2 2 21 66 21 3 
3 22 67 22 4 4 58 67 54 20 40 20 54 95 40 58 98 3 
82 41 59 85 4 4 23 68 23 5 5 59 68 37 21 41 21 37 
38 22 42 22 38 87 42 60 90 5 5 24 69 24 6 6 60 69 
25 7 7 61 70 39 23 43 23 39 92 43 61 95 6 6 25 70 
82 7 7 26 71 26 8 8 62 71 40 24 44 24 40 97 44 62 
25 41 84 45 63 87 8 8 27 72 27 9 9 63 72 41 25 45 
55 73 42 26 46 26 42 89 46 55 92 9 9 28 73 28 10 10 
29 74 29 11 11 56 74 43 27 47 27 43 94 47 56 97 10 10 
48 57 84 11 11 30 75 30 12 12 57 75 44 28 48 28 44 99 
29 49 29 45 86 49 58 89 12 12 31 76 31 13 13 58 76 45 
14 14 59 77 46 30 50 30 46 91 50 59 94 13 13 32 77 32 
14 14 33 78 33 15 15 60 78 47 31 51 31 47 96 51 60 99 
48 83 52 61 86 15 15 34 79 34 16 16 61 79 48 32 52 32 
80 49 33 53 33 49 88 53 62 91 16 16 35 80 35 17 17 62 
81 36 18 18 63 81 50 34 54 34 50 93 54 63 96 17 17 36 

The value of m is: 18
The value of p is: 5
The side lengths of 2 * 2 tiles are: {1, 2, 4, 9}
The value of arr is: {7, 4, 13}
The column indices of 1 * 2 tiles are: {5i+10, 5i+16} for 0<=i<=m-1.
55 83 18 18 19 87 19 1 1 55 64 51 35 37 35 51 64 37 
38 36 52 65 38 56 88 1 1 20 92 20 2 2 56 65 52 36 
3 57 66 53 19 39 19 53 66 39 57 93 2 2 21 97 21 3 
3 22 84 22 4 4 58 67 54 20 40 20 54 67 40 58 98 3 
68 41 59 85 4 4 23 89 23 5 5 59 68 37 21 41 21 37 
38 22 42 22 38 69 42 60 90 5 5 24 94 24 6 6 60 69 
25 7 7 61 70 39 23 43 23 39 70 43 61 95 6 6 25 99 
82 7 7 26 86 26 8 8 62 71 40 24 44 24 40 71 44 62 
25 41 72 45 63 87 8 8 27 91 27 9 9 63 72 41 25 45 
55 73 42 26 46 26 42 73 46 55 92 9 9 28 96 28 10 10 
29 83 29 11 11 56 74 43 27 47 27 43 74 47 56 97 10 10 
48 57 84 11 11 30 88 30 12 12 57 75 44 28 48 28 44 75 
29 49 29 45 76 49 58 89 12 12 31 93 31 13 13 58 76 45 
14 14 59 77 46 30 50 30 46 77 50 59 94 13 13 32 98 32 
14 14 33 85 33 15 15 60 78 47 31 51 31 47 78 51 60 99 
48 79 52 61 86 15 15 34 90 34 16 16 61 79 48 32 52 32 
80 49 33 53 33 49 80 53 62 91 16 16 35 95 35 17 17 62 
82 36 18 18 63 81 50 34 54 34 50 81 54 63 96 17 17 36 

The value of m is: 18
The value of p is: 5
The side lengths of 2 * 2 tiles are: {1, 2, 4, 9}
The value of arr is: {7, 4, 15}
The column indices of 1 * 2 tiles are: {5i+5, 5i+11} for 0<=i<=m-1.
55 37 18 18 19 64 19 1 1 55 92 64 35 51 35 37 98 51 
52 36 38 85 52 56 38 1 1 20 65 20 2 2 56 97 65 36 
3 57 84 66 19 53 19 39 90 53 57 39 2 2 21 66 21 3 
3 22 67 22 4 4 58 89 67 20 54 20 40 95 54 58 40 3 
82 37 59 41 4 4 23 68 23 5 5 59 94 68 21 37 21 41 
69 22 38 22 42 87 38 60 42 5 5 24 69 24 6 6 60 99 
25 7 7 61 86 70 23 39 23 43 92 39 61 43 6 6 25 70 
44 7 7 26 71 26 8 8 62 91 71 24 40 24 44 97 40 62 
25 45 84 41 63 45 8 8 27 72 27 9 9 63 96 72 25 41 
55 83 73 26 42 26 46 89 42 55 46 9 9 28 73 28 10 10 
29 74 29 11 11 56 88 74 27 43 27 47 94 43 56 47 10 10 
44 57 48 11 11 30 75 30 12 12 57 93 75 28 44 28 48 99 
29 45 29 49 86 45 58 49 12 12 31 76 31 13 13 58 98 76 
14 14 59 85 77 30 46 30 50 91 46 59 50 13 13 32 77 32 
14 14 33 78 33 15 15 60 90 78 31 47 31 51 96 47 60 51 
52 83 48 61 52 15 15 34 79 34 16 16 61 95 79 32 48 32 
82 80 33 49 33 53 88 49 62 53 16 16 35 80 35 17 17 62 
81 36 18 18 63 87 81 34 50 34 54 93 50 63 54 17 17 36 

The value of m is: 18
The value of p is: 5
The side lengths of 2 * 2 tiles are: {1, 2, 4, 9}
The value of arr is: {7, 4, 15}
The column indices of 1 * 2 tiles are: {5i+5, 5i+16} for 0<=i<=m-1.
55 37 18 18 19 64 19 1 1 55 92 93 35 51 35 37 64 51 
52 36 38 65 52 56 38 1 1 20 65 20 2 2 56 97 98 36 
3 57 84 85 19 53 19 39 66 53 57 39 2 2 21 66 21 3 
3 22 67 22 4 4 58 89 90 20 54 20 40 67 54 58 40 3 
68 37 59 41 4 4 23 68 23 5 5 59 94 95 21 37 21 41 
82 22 38 22 42 69 38 60 42 5 5 24 69 24 6 6 60 99 
25 7 7 61 86 87 23 39 23 43 70 39 61 43 6 6 25 70 
44 7 7 26 71 26 8 8 62 91 92 24 40 24 44 71 40 62 
25 45 72 41 63 45 8 8 27 72 27 9 9 63 96 97 25 41 
55 83 84 26 42 26 46 73 42 55 46 9 9 28 73 28 10 10 
29 74 29 11 11 56 88 89 27 43 27 47 74 43 56 47 10 10 
44 57 48 11 11 30 75 30 12 12 57 93 94 28 44 28 48 75 
29 45 29 49 76 45 58 49 12 12 31 76 31 13 13 58 98 99 
14 14 59 85 86 30 46 30 50 77 46 59 50 13 13 32 77 32 
14 14 33 78 33 15 15 60 90 91 31 47 31 51 78 47 60 51 
52 79 48 61 52 15 15 34 79 34 16 16 61 95 96 32 48 32 
82 83 33 49 33 53 80 49 62 53 16 16 35 80 35 17 17 62 
81 36 18 18 63 87 88 34 50 34 54 81 50 63 54 17 17 36 

The value of m is: 18
The value of p is: 5
The side lengths of 2 * 2 tiles are: {1, 2, 4, 9}
The value of arr is: {7, 4, 15}
The column indices of 1 * 2 tiles are: {5i+10, 5i+16} for 0<=i<=m-1.
55 37 18 18 19 87 19 1 1 55 64 93 35 51 35 37 64 51 
52 36 38 65 52 56 38 1 1 20 92 20 2 2 56 65 98 36 
3 57 66 85 19 53 19 39 66 53 57 39 2 2 21 97 21 3 
3 22 84 22 4 4 58 67 90 20 54 20 40 67 54 58 40 3 
68 37 59 41 4 4 23 89 23 5 5 59 68 95 21 37 21 41 
82 22 38 22 42 69 38 60 42 5 5 24 94 24 6 6 60 69 
25 7 7 61 70 87 23 39 23 43 70 39 61 43 6 6 25 99 
44 7 7 26 86 26 8 8 62 71 92 24 40 24 44 71 40 62 
25 45 72 41 63 45 8 8 27 91 27 9 9 63 72 97 25 41 
55 73 84 26 42 26 46 73 42 55 46 9 9 28 96 28 10 10 
29 83 29 11 11 56 74 89 27 43 27 47 74 43 56 47 10 10 
44 57 48 11 11 30 88 30 12 12 57 75 94 28 44 28 48 75 
29 45 29 49 76 45 58 49 12 12 31 93 31 13 13 58 76 99 
14 14 59 77 86 30 46 30 50 77 46 59 50 13 13 32 98 32 
14 14 33 85 33 15 15 60 78 91 31 47 31 51 78 47 60 51 
52 79 48 61 52 15 15 34 90 34 16 16 61 79 96 32 48 32 
80 83 33 49 33 53 80 49 62 53 16 16 35 95 35 17 17 62 
82 36 18 18 63 81 88 34 50 34 54 81 50 63 54 17 17 36 

The value of m is: 18
The value of p is: 5
The side lengths of 2 * 2 tiles are: {1, 2, 4, 9}
The value of arr is: {16, 13, 4}
The column indices of 1 * 2 tiles are: {5i+1, 5i+7} for 0<=i<=m-1.
55 64 51 35 37 35 51 64 37 55 92 18 18 19 96 19 1 1 
20 83 20 2 2 56 65 52 36 38 36 52 65 38 56 97 1 1 
39 57 84 2 2 21 88 21 3 3 57 66 53 19 39 19 53 66 
20 40 20 54 67 40 58 89 3 3 22 93 22 4 4 58 67 54 
5 5 59 68 37 21 41 21 37 68 41 59 94 4 4 23 98 23 
5 5 24 85 24 6 6 60 69 38 22 42 22 38 69 42 60 99 
39 70 43 61 86 6 6 25 90 25 7 7 61 70 39 23 43 23 
71 40 24 44 24 40 71 44 62 91 7 7 26 95 26 8 8 62 
82 27 9 9 63 72 41 25 45 25 41 72 45 63 96 8 8 27 
55 83 9 9 28 87 28 10 10 55 73 42 26 46 26 42 73 46 
47 27 43 74 47 56 88 10 10 29 92 29 11 11 56 74 43 27 
12 57 75 44 28 48 28 44 75 48 57 93 11 11 30 97 30 12 
12 31 84 31 13 13 58 76 45 29 49 29 45 76 49 58 98 12 
77 50 59 85 13 13 32 89 32 14 14 59 77 46 30 50 30 46 
47 31 51 31 47 78 51 60 90 14 14 33 94 33 15 15 60 78 
34 16 16 61 79 48 32 52 32 48 79 52 61 95 15 15 34 99 
82 16 16 35 86 35 17 17 62 80 49 33 53 33 49 80 53 62 
34 50 81 54 63 87 17 17 36 91 36 18 18 63 81 50 34 54 

The value of m is: 18
The value of p is: 5
The side lengths of 2 * 2 tiles are: {1, 2, 4, 9}
The value of arr is: {16, 13, 4}
The column indices of 1 * 2 tiles are: {5i+1, 5i+14} for 0<=i<=m-1.
55 64 51 35 37 35 51 89 37 55 92 18 18 19 64 19 1 1 
20 65 20 2 2 56 65 52 36 38 36 52 94 38 56 97 1 1 
39 57 84 2 2 21 66 21 3 3 57 66 53 19 39 19 53 99 
20 40 20 54 86 40 58 89 3 3 22 67 22 4 4 58 67 54 
5 5 59 68 37 21 41 21 37 91 41 59 94 4 4 23 68 23 
5 5 24 69 24 6 6 60 69 38 22 42 22 38 96 42 60 99 
39 83 43 61 86 6 6 25 70 25 7 7 61 70 39 23 43 23 
71 40 24 44 24 40 88 44 62 91 7 7 26 71 26 8 8 62 
72 27 9 9 63 72 41 25 45 25 41 93 45 63 96 8 8 27 
55 83 9 9 28 73 28 10 10 55 73 42 26 46 26 42 98 46 
47 27 43 85 47 56 88 10 10 29 74 29 11 11 56 74 43 27 
12 57 75 44 28 48 28 44 90 48 57 93 11 11 30 75 30 12 
12 31 76 31 13 13 58 76 45 29 49 29 45 95 49 58 98 12 
82 50 59 85 13 13 32 77 32 14 14 59 77 46 30 50 30 46 
47 31 51 31 47 87 51 60 90 14 14 33 78 33 15 15 60 78 
34 16 16 61 79 48 32 52 32 48 92 52 61 95 15 15 34 79 
82 16 16 35 80 35 17 17 62 80 49 33 53 33 49 97 53 62 
34 50 84 54 63 87 17 17 36 81 36 18 18 63 81 50 34 54 

The value of m is: 18
The value of p is: 5
The side lengths of 2 * 2 tiles are: {1, 2, 4, 9}
The value of arr is: {16, 5, 6}
The column indices of 1 * 2 tiles are: {5i+1, 5i+14} for 0<=i<=m-1.
55 64 84 85 51 19 37 19 51 55 37 18 18 35 64 35 1 1 
36 65 36 2 2 56 65 89 90 52 20 38 20 52 56 38 1 1 
53 57 39 2 2 19 66 19 3 3 57 66 94 95 53 21 39 21 
82 54 22 40 22 54 58 40 3 3 20 67 20 4 4 58 67 99 
5 5 59 68 86 87 37 23 41 23 37 59 41 4 4 21 68 21 
5 5 22 69 22 6 6 60 69 91 92 38 24 42 24 38 60 42 
43 25 39 61 43 6 6 23 70 23 7 7 61 70 96 97 39 25 
71 83 84 40 26 44 26 40 62 44 7 7 24 71 24 8 8 62 
72 25 9 9 63 72 88 89 41 27 45 27 41 63 45 8 8 25 
55 46 9 9 26 73 26 10 10 55 73 93 94 42 28 46 28 42 
43 29 47 29 43 56 47 10 10 27 74 27 11 11 56 74 98 99 
12 57 75 85 86 44 30 48 30 44 57 48 11 11 28 75 28 12 
12 29 76 29 13 13 58 76 90 91 45 31 49 31 45 58 49 12 
32 46 59 50 13 13 30 77 30 14 14 59 77 95 96 46 32 50 
82 83 47 33 51 33 47 60 51 14 14 31 78 31 15 15 60 78 
32 16 16 61 79 87 88 48 34 52 34 48 61 52 15 15 32 79 
53 16 16 33 80 33 17 17 62 80 92 93 49 35 53 35 49 62 
36 54 36 50 63 54 17 17 34 81 34 18 18 63 81 97 98 50 

The value of m is: 18
The value of p is: 5
The side lengths of 2 * 2 tiles are: {1, 2, 4, 9}
The value of arr is: {16, 5, 6}
The column indices of 1 * 2 tiles are: {5i+3, 5i+14} for 0<=i<=m-1.
55 83 84 64 51 19 37 19 51 55 37 18 18 35 64 35 1 1 
36 65 36 2 2 56 88 89 65 52 20 38 20 52 56 38 1 1 
53 57 39 2 2 19 66 19 3 3 57 93 94 66 53 21 39 21 
67 54 22 40 22 54 58 40 3 3 20 67 20 4 4 58 98 99 
5 5 59 85 86 68 37 23 41 23 37 59 41 4 4 21 68 21 
5 5 22 69 22 6 6 60 90 91 69 38 24 42 24 38 60 42 
43 25 39 61 43 6 6 23 70 23 7 7 61 95 96 70 39 25 
82 83 71 40 26 44 26 40 62 44 7 7 24 71 24 8 8 62 
72 25 9 9 63 87 88 72 41 27 45 27 41 63 45 8 8 25 
55 46 9 9 26 73 26 10 10 55 92 93 73 42 28 46 28 42 
43 29 47 29 43 56 47 10 10 27 74 27 11 11 56 97 98 74 
12 57 84 85 75 44 30 48 30 44 57 48 11 11 28 75 28 12 
12 29 76 29 13 13 58 89 90 76 45 31 49 31 45 58 49 12 
32 46 59 50 13 13 30 77 30 14 14 59 94 95 77 46 32 50 
82 78 47 33 51 33 47 60 51 14 14 31 78 31 15 15 60 99 
32 16 16 61 86 87 79 48 34 52 34 48 61 52 15 15 32 79 
53 16 16 33 80 33 17 17 62 91 92 80 49 35 53 35 49 62 
36 54 36 50 63 54 17 17 34 81 34 18 18 63 96 97 81 50 

The value of m is: 18
The value of p is: 5
The side lengths of 2 * 2 tiles are: {1, 2, 4, 9}
The value of arr is: {6, 13, 10}
The column indices of 1 * 2 tiles are: {5i+4, 5i+11} for 0<=i<=m-1.
55 18 18 35 64 35 1 1 51 55 37 64 51 19 37 19 98 99 
20 38 20 85 86 56 1 1 36 65 36 2 2 52 56 38 65 52 
53 57 39 66 53 21 39 21 90 91 57 2 2 19 66 19 3 3 
20 67 20 4 4 54 58 40 67 54 22 40 22 95 96 58 3 3 
82 83 59 4 4 21 68 21 5 5 37 59 41 68 37 23 41 23 
69 38 24 42 24 87 88 60 5 5 22 69 22 6 6 38 60 42 
7 7 39 61 43 70 39 25 43 25 92 93 61 6 6 23 70 23 
7 7 24 71 24 8 8 40 62 44 71 40 26 44 26 97 98 62 
45 27 84 85 63 8 8 25 72 25 9 9 41 63 45 72 41 27 
55 46 73 42 28 46 28 89 90 55 9 9 26 73 26 10 10 42 
74 27 11 11 43 56 47 74 43 29 47 29 94 95 56 10 10 27 
82 57 11 11 28 75 28 12 12 44 57 48 75 44 30 48 30 99 
45 31 49 31 86 87 58 12 12 29 76 29 13 13 45 58 49 76 
14 46 59 50 77 46 32 50 32 91 92 59 13 13 30 77 30 14 
14 31 78 31 15 15 47 60 51 78 47 33 51 33 96 97 60 14 
34 83 84 61 15 15 32 79 32 16 16 48 61 52 79 48 34 52 
53 80 49 35 53 35 88 89 62 16 16 33 80 33 17 17 49 62 
34 18 18 50 63 54 81 50 36 54 36 93 94 63 17 17 34 81 

The value of m is: 18
The value of p is: 5
The side lengths of 2 * 2 tiles are: {1, 2, 4, 9}
The value of arr is: {6, 13, 10}
The column indices of 1 * 2 tiles are: {5i+4, 5i+16} for 0<=i<=m-1.
55 18 18 35 64 35 1 1 51 55 37 93 51 19 37 19 64 99 
20 38 20 65 86 56 1 1 36 65 36 2 2 52 56 38 98 52 
53 57 39 85 53 21 39 21 66 91 57 2 2 19 66 19 3 3 
20 67 20 4 4 54 58 40 90 54 22 40 22 67 96 58 3 3 
68 83 59 4 4 21 68 21 5 5 37 59 41 95 37 23 41 23 
82 38 24 42 24 69 88 60 5 5 22 69 22 6 6 38 60 42 
7 7 39 61 43 87 39 25 43 25 70 93 61 6 6 23 70 23 
7 7 24 71 24 8 8 40 62 44 92 40 26 44 26 71 98 62 
45 27 72 85 63 8 8 25 72 25 9 9 41 63 45 97 41 27 
55 46 84 42 28 46 28 73 90 55 9 9 26 73 26 10 10 42 
74 27 11 11 43 56 47 89 43 29 47 29 74 95 56 10 10 27 
82 57 11 11 28 75 28 12 12 44 57 48 94 44 30 48 30 75 
45 31 49 31 76 87 58 12 12 29 76 29 13 13 45 58 49 99 
14 46 59 50 86 46 32 50 32 77 92 59 13 13 30 77 30 14 
14 31 78 31 15 15 47 60 51 91 47 33 51 33 78 97 60 14 
34 79 84 61 15 15 32 79 32 16 16 48 61 52 96 48 34 52 
53 83 49 35 53 35 80 89 62 16 16 33 80 33 17 17 49 62 
34 18 18 50 63 54 88 50 36 54 36 81 94 63 17 17 34 81 

The value of m is: 18
The value of p is: 5
The side lengths of 2 * 2 tiles are: {1, 2, 4, 9}
The value of arr is: {6, 13, 10}
The column indices of 1 * 2 tiles are: {5i+11, 5i+17} for 0<=i<=m-1.
55 18 18 35 86 35 1 1 51 55 37 64 51 19 37 19 98 64 
20 38 20 85 65 56 1 1 36 91 36 2 2 52 56 38 65 52 
53 57 39 66 53 21 39 21 90 66 57 2 2 19 96 19 3 3 
20 83 20 4 4 54 58 40 67 54 22 40 22 95 67 58 3 3 
82 68 59 4 4 21 88 21 5 5 37 59 41 68 37 23 41 23 
69 38 24 42 24 87 69 60 5 5 22 93 22 6 6 38 60 42 
7 7 39 61 43 70 39 25 43 25 92 70 61 6 6 23 98 23 
7 7 24 85 24 8 8 40 62 44 71 40 26 44 26 97 71 62 
45 27 84 72 63 8 8 25 90 25 9 9 41 63 45 72 41 27 
55 46 73 42 28 46 28 89 73 55 9 9 26 95 26 10 10 42 
82 27 11 11 43 56 47 74 43 29 47 29 94 74 56 10 10 27 
75 57 11 11 28 87 28 12 12 44 57 48 75 44 30 48 30 99 
45 31 49 31 86 76 58 12 12 29 92 29 13 13 45 58 49 76 
14 46 59 50 77 46 32 50 32 91 77 59 13 13 30 97 30 14 
14 31 84 31 15 15 47 60 51 78 47 33 51 33 96 78 60 14 
34 83 79 61 15 15 32 89 32 16 16 48 61 52 79 48 34 52 
53 80 49 35 53 35 88 80 62 16 16 33 94 33 17 17 49 62 
34 18 18 50 63 54 81 50 36 54 36 93 81 63 17 17 34 99 

The value of m is: 18
The value of p is: 5
The side lengths of 2 * 2 tiles are: {1, 2, 4, 9}
The value of arr is: {6, 13, 12}
The column indices of 1 * 2 tiles are: {5i+4, 5i+17} for 0<=i<=m-1.
55 18 18 35 64 35 1 1 90 55 51 93 37 19 51 19 37 64 
20 52 20 38 65 56 1 1 36 65 36 2 2 95 56 52 98 38 
82 57 53 85 39 21 53 21 39 66 57 2 2 19 66 19 3 3 
20 67 20 4 4 87 58 54 90 40 22 54 22 40 67 58 3 3 
41 68 59 4 4 21 68 21 5 5 92 59 37 95 41 23 37 23 
82 42 24 38 24 42 69 60 5 5 22 69 22 6 6 97 60 38 
7 7 84 61 39 87 43 25 39 25 43 70 61 6 6 23 70 23 
7 7 24 71 24 8 8 89 62 40 92 44 26 40 26 44 71 62 
41 27 45 72 63 8 8 25 72 25 9 9 94 63 41 97 45 27 
55 42 84 46 28 42 28 46 73 55 9 9 26 73 26 10 10 99 
74 27 11 11 86 56 43 89 47 29 43 29 47 74 56 10 10 27 
75 57 11 11 28 75 28 12 12 91 57 44 94 48 30 44 30 48 
49 31 45 31 49 76 58 12 12 29 76 29 13 13 96 58 45 99 
14 83 59 46 86 50 32 46 32 50 77 59 13 13 30 77 30 14 
